[1. 1. 1. 1. 1. 1.]
[1.008 0.951 1.033 1.029 0.995 0.985]
[1.047 1.093 0.962 1.047 0.966 0.983]
[1.023 1.058 0.997 1.001 0.94  1.016]
[0.857 1.015 0.949 1.085 0.889 1.011]
[1.036 1.079 0.948 0.952 1.109 0.988]
[1.053 1.078 1.094 0.95  1.069 0.918]
[1.088 1.067 1.043 0.952 1.031 0.969]
[0.891 1.024 0.823 1.067 0.877 0.929]
[1.075 0.946 1.126 0.986 1.021 1.051]
[1.049 0.936 0.956 0.906 1.017 0.863]
[0.888 0.954 0.808 1.083 0.833 0.912]
[0.989 0.883 0.921 1.02  0.879 1.036]
[0.878 1.064 0.89  0.957 0.911 0.891]
[1.009 0.873 1.086 0.954 0.992 0.852]
[0.946 1.024 0.893 0.895 0.984 0.916]
[0.998 0.818 1.108 0.937 1.082 1.029]
[0.98  0.898 1.154 0.882 1.084 0.707]
[0.931 1.222 1.244 0.855 0.953 0.808]
[0.866 0.822 1.178 0.888 0.991 0.935]
[0.896 0.876 1.06  0.934 0.907 0.908]
[0.882 0.831 1.018 0.956 1.079 0.977]
[0.931 0.851 0.901 0.944 1.127 0.834]
[0.72  1.23  1.158 1.088 1.148 0.837]
[0.802 1.06  1.057 1.037 1.028 0.881]
[1.129 1.064 0.788 0.821 0.873 0.663]
[1.103 0.846 1.116 1.091 0.926 0.846]
[1.076 0.793 0.876 0.854 1.076 0.931]
[1.035 0.84  0.791 0.853 1.023 0.698]
[0.976 1.233 0.763 0.779 1.022 0.955]
[1.054 0.785 0.937 0.878 1.101 0.863]
[0.929 0.967 1.074 1.088 0.877 0.861]
[0.962 0.877 1.08  1.037 0.952 0.937]
[1.011 0.731 1.001 1.039 1.288 0.732]
[0.942 0.796 0.908 0.773 1.239 0.821]
[1.052 0.671 1.028 0.794 1.168 0.935]
[0.948 0.865 0.937 0.819 0.801 0.9  ]
[1.011 0.735 0.929 0.801 1.038 0.652]
[0.961 0.7   1.126 0.715 0.928 0.685]
[0.836 0.845 0.975 0.833 1.256 1.103]
[0.847 0.76  1.306 0.95  1.191 0.73 ]
[0.835 1.219 1.188 0.895 0.803 0.722]
[1.416 0.657 1.014 1.071 1.047 0.951]
[1.25  0.727 0.803 0.981 0.749 0.671]
[1.025 1.029 0.63  0.851 0.973 0.802]
[1.032 0.737 0.987 0.919 1.113 1.032]
[1.19  0.797 0.705 0.699 0.865 0.671]
[1.073 0.773 1.034 0.886 1.224 1.122]
[1.079 0.701 0.973 0.827 1.091 1.12 ]
[1.162 0.836 0.682 0.841 0.989 0.989]
[0.897 0.791 0.797 0.98  0.837 0.865]
[0.714 1.175 0.901 1.071 1.004 1.151]
[0.722 1.24  0.447 0.841 0.718 0.911]
[0.928 1.008 0.79  0.784 1.076 0.811]
[1.052 0.738 0.641 0.912 1.209 1.035]
[0.995 0.979 0.674 0.962 1.03  0.888]
[0.884 0.812 0.921 0.79  0.708 0.726]
[1.076 0.817 1.034 0.673 0.791 0.996]
[1.167 0.672 0.775 0.816 0.939 0.861]
[0.913 0.707 1.07  0.792 1.307 0.888]
[0.745 1.207 1.012 1.003 0.952 1.103]
[0.867 0.936 0.897 1.019 0.848 0.868]
[0.859 0.573 2.017 0.988 1.066 0.508]
[1.001 0.887 1.213 1.265 0.907 0.743]
[0.897 0.88  0.818 0.909 1.066 0.734]
[1.159 0.697 0.716 0.597 0.936 0.559]
[0.821 1.105 1.212 1.226 0.864 0.681]
[1.183 0.477 0.695 0.496 1.227 0.681]
[1.001 0.649 0.86  0.653 0.9   0.879]
[1.147 0.649 0.751 0.722 1.165 0.727]
[0.893 0.719 0.649 0.91  1.012 0.75 ]
[0.883 0.89  0.89  0.901 0.81  0.742]
[1.028 0.852 1.071 0.958 0.962 0.741]
[0.876 0.774 0.683 0.8   1.225 0.695]
[0.722 0.812 0.76  0.76  0.927 1.002]
[0.895 0.679 0.978 0.824 0.927 0.722]
[1.425 0.357 0.627 0.503 1.321 0.684]
[0.655 0.944 1.542 1.374 1.084 0.852]
[0.678 0.814 1.357 1.064 0.707 0.661]
[0.943 0.714 0.955 0.835 1.053 0.805]
[0.875 0.805 1.147 1.03  0.924 0.596]
[0.841 0.802 0.818 0.825 0.689 0.728]
[0.687 1.039 0.819 1.429 0.778 0.735]
[0.769 0.962 1.082 0.917 0.605 0.663]
[0.946 0.769 0.837 0.512 0.633 0.701]
[0.872 0.821 0.786 0.708 0.698 0.891]
[0.886 0.727 0.822 0.769 0.795 0.626]
[1.044 0.566 0.888 0.675 0.836 0.756]
[1.193 0.793 0.599 0.45  0.925 0.562]
[0.938 0.661 0.702 0.723 0.651 0.747]
[0.901 0.756 0.663 0.898 0.708 0.963]
[0.974 0.598 0.859 0.743 0.85  0.847]
[0.856 0.652 0.954 0.979 0.794 0.79 ]
[1.006 0.691 0.549 0.608 0.852 0.634]
[0.814 0.728 0.834 0.682 0.885 0.886]
[0.86  0.772 1.212 1.138 0.926 1.095]
[1.406 0.326 0.5   0.392 1.166 0.597]
[0.656 1.054 0.742 0.785 0.845 0.862]
[0.852 0.541 0.82  0.455 0.765 0.642]
[0.985 0.558 0.807 0.683 0.673 0.766]
[0.852 0.69  0.591 0.633 0.957 0.813]
[0.784 0.615 0.756 0.836 0.752 1.051]
[0.844 0.615 1.053 0.711 0.982 0.677]
[0.746 0.822 0.856 0.931 0.903 0.699]
[0.673 0.735 0.749 0.684 0.698 0.641]
[0.756 0.737 0.832 1.235 0.836 0.617]
[0.64  0.777 0.793 0.891 0.922 0.906]
[1.05  0.52  1.146 0.633 1.01  0.564]
[0.631 0.489 0.898 0.561 0.767 0.786]
[0.746 1.086 0.891 0.925 0.875 0.855]
[0.894 0.632 0.606 0.9   1.098 0.968]
[0.781 0.45  1.003 0.786 0.729 1.008]
[0.603 0.744 0.979 0.906 0.721 0.694]
[0.84  0.608 0.998 0.943 0.748 0.612]
[0.719 0.709 0.729 0.737 0.902 0.744]
[0.764 0.622 0.726 0.843 0.861 0.727]
[0.803 0.592 0.692 0.637 0.694 0.761]
[0.831 0.746 1.302 1.167 0.873 0.581]
[0.625 1.184 0.689 0.93  0.699 0.624]
[0.725 0.556 1.008 0.794 0.783 0.631]
[0.681 0.939 0.884 0.712 0.731 0.609]
[0.709 0.799 0.771 0.712 0.655 0.61 ]
[0.786 0.393 0.686 0.533 0.914 0.842]
[0.794 0.678 0.829 1.12  0.887 0.894]
[0.607 0.592 1.034 1.202 0.766 0.66 ]
[0.733 0.653 0.765 0.663 0.803 0.724]
[0.687 0.845 0.732 0.544 0.755 0.729]
[0.6   1.022 0.816 1.048 0.859 0.92 ]
[0.825 0.791 0.668 0.842 0.864 1.134]
[0.821 0.49  0.859 0.739 0.839 0.877]
[0.777 0.805 0.709 0.734 0.775 0.755]
[0.639 0.615 0.731 0.793 0.72  0.848]
[0.737 0.451 0.994 0.56  0.746 0.575]
[0.65  0.54  0.742 0.671 0.728 0.703]
[0.795 1.009 0.652 0.851 0.827 0.771]
[0.656 0.706 0.709 0.64  0.73  0.719]
[0.867 0.583 0.71  0.791 0.813 0.875]
[0.823 0.791 0.714 0.911 1.018 0.852]
[0.724 0.824 0.856 0.913 0.917 0.707]
[0.713 0.531 0.947 0.844 0.64  0.575]
[0.656 0.914 0.719 1.222 0.698 1.044]
[0.801 0.585 0.803 0.512 0.702 0.691]
[0.626 0.495 1.035 0.539 0.638 0.406]
[0.648 0.695 0.764 0.7   0.719 0.716]
[0.66  0.577 1.027 0.417 0.741 0.32 ]
[0.819 0.577 0.689 0.422 0.869 0.743]
[0.795 0.506 0.937 1.03  0.858 0.866]
[0.531 0.902 0.868 0.807 0.656 0.732]
[0.624 0.951 0.807 1.05  0.822 0.658]
[0.486 0.545 1.321 0.988 0.582 0.358]
[0.883 0.364 0.979 0.811 0.669 0.62 ]
[0.612 0.405 0.931 0.937 0.831 0.854]
[0.588 0.497 1.043 0.704 0.705 0.695]
[0.566 0.898 0.924 0.883 0.806 0.731]
[0.546 0.786 1.032 1.143 0.605 0.404]
[0.569 0.663 0.768 0.881 0.805 0.673]
[0.768 0.609 0.833 1.108 0.675 0.758]
[0.664 1.041 0.734 0.655 0.803 0.83 ]
[0.659 0.899 0.693 0.911 0.653 0.83 ]
[0.667 0.606 0.81  0.512 0.822 0.79 ]
[0.535 0.926 0.6   0.857 0.658 0.801]
[1.009 0.559 1.223 0.693 0.713 0.478]
[0.863 0.481 0.822 0.499 0.878 0.857]
[0.742 0.69  1.031 0.986 0.729 0.711]
[0.421 0.518 1.141 0.727 0.502 0.473]
[0.738 0.482 0.887 0.838 0.631 0.873]
[0.53  0.658 1.368 0.884 0.672 0.453]
[0.86  0.566 0.696 0.591 0.807 0.935]
[0.491 0.874 0.774 0.698 0.634 0.611]
[0.616 0.872 0.776 0.763 0.752 1.025]
[0.481 0.492 1.158 1.075 0.572 0.551]
[0.555 0.418 0.721 0.345 0.643 0.791]
[0.678 0.329 0.847 0.696 0.528 0.694]
[0.52  0.598 0.739 0.366 0.597 0.345]
[0.507 0.466 1.007 0.814 0.601 0.608]
[0.66  0.621 0.664 0.794 0.561 0.914]
[0.754 0.608 0.551 0.73  0.677 1.139]
[0.672 0.336 0.945 0.637 0.733 0.809]
[0.678 0.801 0.549 0.826 0.605 0.765]
[0.477 0.562 0.739 0.491 0.602 0.494]
[0.722 0.518 0.772 0.52  0.697 0.621]
[0.528 0.845 0.983 0.796 0.496 0.736]
[0.81  0.406 0.876 0.382 0.786 0.662]
[0.592 0.381 0.832 0.677 0.596 0.593]
[0.594 0.582 0.685 0.688 0.567 0.507]
[0.652 0.61  0.831 0.612 0.635 0.936]
[0.538 0.774 0.498 1.027 0.524 0.744]
[0.768 0.34  0.88  0.706 0.76  0.369]
[0.86  0.398 0.646 0.223 0.835 0.35 ]
[0.7   0.492 0.706 0.535 0.543 0.799]
[0.351 0.658 0.394 0.91  0.417 0.525]
[0.664 0.572 0.715 0.952 0.688 0.677]
[0.723 0.645 0.467 0.47  0.716 0.652]
[0.596 0.636 1.196 1.52  0.556 0.608]
[0.763 0.513 0.937 0.653 0.634 1.099]
[0.667 0.571 0.601 0.244 0.595 0.423]
[0.677 0.419 0.715 0.311 0.738 0.601]
[0.604 0.347 1.807 0.73  0.737 0.374]
[0.594 0.558 0.899 0.753 0.681 0.643]
[0.762 0.404 0.865 0.397 0.81  0.793]
[0.569 0.384 1.174 0.825 0.571 0.767]
[0.659 0.789 0.525 0.63  0.53  0.471]
[0.832 0.313 1.312 0.497 0.63  0.359]
[0.696 0.817 0.774 0.785 0.529 0.72 ]
[0.658 0.594 1.384 1.109 0.572 0.493]
[0.567 0.392 0.71  0.373 0.656 0.448]
[0.638 0.476 0.963 0.632 0.738 0.977]
[0.678 0.352 0.796 0.595 0.569 0.704]
[0.721 0.584 0.809 0.91  0.655 1.092]
[0.704 0.555 0.566 0.479 0.572 0.712]
[0.495 0.417 0.709 0.393 0.52  0.57 ]
[0.767 0.514 0.724 0.239 0.699 0.627]
[0.629 0.764 0.72  0.723 0.732 0.537]
[0.678 0.518 0.795 0.843 0.564 0.803]
[0.807 0.399 0.768 0.272 0.76  0.889]
[0.653 0.463 0.542 0.507 0.676 0.542]
[0.616 0.54  0.705 0.832 0.634 0.804]
[0.581 0.935 0.749 0.735 0.579 0.65 ]
[0.589 0.826 0.74  0.779 0.46  0.778]
[0.577 0.35  0.884 0.833 0.685 0.704]
[0.744 0.568 0.739 0.569 0.743 0.763]
[0.877 0.58  0.636 0.183 0.62  0.481]
[0.657 0.398 0.896 0.88  0.621 0.826]
[0.473 0.442 0.762 0.599 0.575 0.76 ]
[0.529 0.392 0.853 1.035 0.58  0.694]
[0.45  0.507 0.615 0.399 0.619 0.636]
[0.549 0.461 1.028 1.06  0.678 0.671]
[0.61  0.388 0.943 0.497 0.823 0.469]
[0.57  0.662 0.824 0.803 0.52  0.843]
[0.564 0.432 1.734 0.526 0.521 0.339]
[0.619 0.366 0.929 0.655 0.601 0.899]
[0.501 0.525 0.683 0.699 0.546 0.656]
[0.639 0.451 0.831 1.056 0.563 0.813]
[0.672 0.925 0.652 0.685 0.547 0.753]
[0.789 0.693 0.691 0.488 0.644 0.674]
[0.667 0.467 1.473 1.948 0.45  0.498]
[0.924 0.308 0.908 0.358 0.685 0.411]
[0.693 0.388 0.906 1.175 0.629 0.648]
[1.085 0.391 0.889 0.36  0.742 0.502]
[0.885 0.382 0.875 0.537 0.759 0.691]
[0.635 0.525 0.638 0.516 0.645 0.596]
[0.5   0.599 0.691 0.523 0.611 0.542]
[0.415 0.411 0.719 0.349 0.729 0.689]
[0.598 0.564 0.755 0.562 0.838 0.708]
[0.299 0.742 0.57  0.76  0.759 0.467]
[0.521 0.452 0.94  0.49  0.681 0.718]
[0.684 0.415 0.641 0.264 0.518 0.561]
[0.961 0.414 0.746 0.401 0.89  0.345]
[0.676 0.933 0.551 0.438 0.536 0.488]
[0.399 0.415 1.511 0.947 0.571 0.26 ]
[0.564 0.468 0.666 0.465 0.674 0.54 ]
[0.728 0.458 0.905 0.902 0.743 0.807]
[0.577 0.479 0.478 0.442 0.56  0.564]
[0.596 0.771 0.718 0.989 0.58  0.62 ]
[0.397 0.444 0.72  0.452 0.74  0.48 ]
[0.568 0.418 0.725 0.64  0.427 0.805]
[0.334 0.61  0.659 0.438 0.474 0.538]
[0.373 0.324 0.75  0.506 0.438 0.469]
[0.439 0.679 0.57  0.268 0.626 0.361]
[0.647 0.483 0.704 0.685 0.588 0.937]
[0.45  0.37  0.564 0.199 0.498 0.29 ]
[0.493 0.691 0.616 1.262 0.442 0.874]
[0.679 0.343 0.526 0.463 0.533 0.604]
[0.653 0.478 0.519 0.513 0.659 0.485]
[1.179 0.9   0.47  0.328 0.564 0.5  ]
[0.515 0.455 0.608 0.427 0.635 0.384]
[0.479 0.811 0.583 0.32  0.583 0.455]
[0.576 0.371 0.777 0.707 0.408 0.669]
[0.475 0.476 0.705 0.573 0.612 0.501]
[0.302 0.4   0.657 0.567 0.537 0.494]
[0.324 0.41  2.014 0.418 0.549 0.294]
[0.439 0.429 0.968 0.368 0.458 0.476]
[0.458 0.376 0.808 0.668 0.642 0.578]
[0.737 0.541 0.719 0.495 0.595 0.574]
[0.306 0.555 0.851 0.658 0.56  0.624]
[0.717 0.766 0.632 0.684 0.629 0.81 ]
[0.74  0.472 0.816 0.457 0.491 0.427]
[0.507 0.383 0.794 0.255 0.664 0.381]
[0.56  0.545 0.684 0.74  0.38  0.816]
[0.479 0.465 1.989 0.26  0.593 0.367]
[0.333 0.538 0.502 0.776 0.464 0.531]
[0.563 0.475 0.669 0.384 0.719 0.393]
[0.634 0.45  0.628 0.886 0.373 0.95 ]
[0.661 0.422 0.523 0.456 0.686 0.5  ]
[0.575 0.559 0.61  0.722 0.579 0.776]
[0.571 0.655 0.708 1.002 0.465 0.668]
[1.099 0.367 0.685 0.741 0.53  0.493]
[0.43  0.603 0.672 0.523 0.476 0.595]
[0.714 0.928 0.601 0.462 0.524 0.781]
[0.315 0.5   0.654 1.099 0.558 0.758]
[0.343 0.649 0.695 0.434 0.436 0.474]
[0.511 0.408 0.971 0.972 0.763 0.578]
[1.298 0.599 0.521 0.254 0.667 0.436]
[0.759 0.365 0.819 0.287 0.73  0.295]
[0.865 0.411 0.685 0.292 0.757 0.561]
[0.767 0.701 0.88  0.185 0.557 0.385]
[0.582 0.215 0.85  0.722 0.65  0.338]
[0.752 0.641 0.518 0.342 0.496 0.749]
[0.444 0.549 0.717 0.263 0.492 0.595]
[0.754 0.581 0.608 0.973 0.404 0.868]
[0.61  0.314 0.65  0.59  0.594 0.569]
[0.626 0.559 0.606 0.194 0.514 0.514]
[0.533 0.364 0.686 0.889 0.764 0.605]
[0.498 0.475 0.69  0.916 0.446 0.747]
[0.682 0.583 0.558 0.439 0.669 0.726]
[0.432 0.517 0.515 0.871 0.618 0.551]
[0.372 0.505 0.652 0.714 0.674 0.562]
[0.392 0.546 0.494 0.232 0.61  0.275]
[1.267 0.484 0.596 0.631 0.664 1.172]
[0.935 0.445 0.633 0.239 0.734 0.383]
[0.699 0.357 0.952 0.253 0.774 0.514]
[0.573 0.466 0.668 0.446 0.565 0.768]
[0.643 0.347 0.949 0.586 0.691 0.627]
[0.527 0.462 0.7   0.649 0.574 0.9  ]
[1.274 0.419 0.801 0.153 0.532 0.432]
[1.435 0.28  0.721 0.326 0.804 0.395]
[0.699 0.428 0.581 0.678 0.79  0.508]
[0.374 0.444 0.826 0.703 0.756 0.458]
[1.132 0.549 0.609 0.241 0.523 0.655]
[0.419 0.459 0.535 0.367 0.498 0.694]
[0.76  0.29  0.767 0.607 0.681 0.346]
[0.784 0.402 0.585 0.23  0.728 0.351]
[0.401 0.33  0.514 0.706 0.694 0.449]
[0.839 0.454 0.706 0.396 0.733 0.489]
[0.632 0.636 0.605 1.015 0.549 0.513]
[0.607 0.319 0.606 0.531 0.625 0.55 ]
[0.666 0.471 0.445 0.397 0.651 0.723]
[0.458 0.298 0.658 0.911 0.509 0.362]
[0.265 0.477 1.722 0.498 0.434 0.239]
[0.657 0.324 0.706 0.322 0.694 0.304]
[0.231 0.46  0.532 0.654 0.501 0.268]
[0.601 0.398 0.635 0.316 0.779 0.66 ]
[0.33  0.448 1.889 0.445 0.309 0.368]
[0.609 0.426 0.686 0.188 0.677 0.312]
[0.608 0.368 0.593 0.614 0.778 0.257]
[0.351 0.441 0.526 0.554 0.458 0.447]
[0.957 0.387 0.514 0.221 0.656 0.566]
[0.557 0.534 0.608 0.549 0.765 0.631]
[0.433 0.512 0.495 0.49  0.7   0.672]
[0.482 0.621 1.485 0.828 0.538 0.354]
[0.51  0.557 0.767 0.162 0.45  0.345]
[0.596 0.417 0.749 0.303 0.462 0.606]
[0.471 0.639 0.327 0.337 0.561 0.484]
[0.363 0.541 0.505 0.423 0.497 0.355]
[0.611 0.427 0.483 0.333 0.677 0.357]
[0.506 0.4   0.79  0.226 0.642 0.418]
[0.837 0.456 0.579 0.206 0.677 0.574]
[0.589 0.332 0.68  0.265 0.837 0.612]
[0.509 0.521 0.553 0.249 0.582 0.343]
[0.457 0.582 0.612 0.219 0.561 0.378]
[0.563 0.425 0.573 0.548 0.529 0.752]
[0.214 0.607 0.504 0.745 0.323 0.419]
[0.696 0.427 0.64  0.205 0.522 0.639]
[0.456 0.48  0.785 0.141 0.455 0.374]
[0.746 0.636 0.309 0.278 0.658 0.46 ]
[0.524 0.453 0.719 0.335 0.518 0.693]
[0.605 0.331 0.346 0.788 0.524 0.533]
[0.533 0.57  0.686 0.692 0.466 0.729]
[0.719 0.444 0.541 0.15  0.735 0.402]
[0.438 0.567 0.406 0.562 0.512 0.691]
[0.408 0.607 0.448 0.602 0.324 0.547]
[0.45  0.287 0.759 0.731 0.499 0.483]
[1.024 0.183 0.83  0.401 0.827 0.395]
[0.523 0.403 0.329 0.514 0.733 0.626]
[0.409 0.384 0.724 0.171 0.533 0.283]
[0.271 0.713 0.551 0.303 0.336 0.309]
[0.415 0.385 0.474 0.664 0.65  0.528]
[0.369 0.316 0.56  0.546 0.519 0.511]
[0.505 0.293 0.829 0.396 0.636 0.45 ]
[0.445 0.461 0.458 0.565 0.695 0.577]
[0.452 0.424 0.697 0.186 0.449 0.293]
[0.366 0.479 0.568 0.729 0.461 0.41 ]
[0.429 0.412 0.635 0.214 0.586 0.33 ]
[0.467 0.66  1.54  0.672 0.582 0.375]
[0.692 0.413 0.533 0.436 0.621 0.895]
[0.47  0.397 0.645 0.51  0.507 0.51 ]
[0.407 0.292 0.768 0.246 0.467 0.261]
[0.494 0.396 0.623 0.416 0.441 0.377]
[0.558 0.34  0.625 0.292 0.627 0.36 ]
[0.469 0.349 0.835 0.68  0.464 0.448]
[0.607 0.692 0.322 0.448 0.512 0.669]
[0.385 0.454 0.554 0.311 0.531 0.383]
[0.236 0.346 0.543 0.453 0.518 0.39 ]
[0.359 0.333 0.572 0.717 0.608 0.468]
[0.461 0.378 0.444 0.668 0.549 0.719]
[0.807 0.491 0.654 0.655 0.593 0.939]
[0.589 0.536 0.547 0.228 0.522 0.446]
[0.608 0.568 0.591 0.426 0.548 0.687]
[0.544 0.397 1.094 0.196 0.425 0.456]
[0.753 0.295 0.882 0.144 0.533 0.374]
[0.636 0.583 0.505 0.665 0.627 0.942]
[0.639 0.759 0.967 1.283 0.463 0.252]
[0.645 0.411 0.755 0.255 0.481 0.549]
[0.641 0.306 0.929 0.318 0.509 0.469]
[0.368 0.584 0.589 0.828 0.453 0.473]
[0.739 0.471 0.649 0.43  0.705 0.727]
[0.499 0.431 0.631 0.225 0.574 0.322]
[0.705 0.574 0.507 0.605 0.465 0.69 ]
[0.481 0.498 0.713 0.356 0.54  0.513]
[0.608 0.36  0.704 0.366 0.744 0.754]
[0.688 0.439 0.45  0.324 0.599 0.699]
[0.701 0.523 0.5   0.315 0.639 0.721]
[0.393 0.33  0.724 0.253 0.57  0.431]
[0.693 0.401 0.653 0.303 0.529 0.541]
[0.669 0.461 0.675 0.375 0.551 0.633]
[0.553 0.508 0.503 0.146 0.849 0.325]
[1.242 0.719 0.453 0.256 0.648 0.664]
[0.475 0.403 0.592 0.7   0.376 0.418]
[0.762 0.388 0.805 0.226 0.595 0.326]
[0.372 0.308 0.802 0.558 0.661 0.677]
[0.764 0.478 0.461 0.375 0.621 0.337]
[0.33  0.495 0.553 0.351 0.461 0.465]
[0.545 0.457 0.68  0.287 0.812 0.385]
[0.525 0.387 0.492 0.342 0.765 0.639]
[0.414 0.368 0.913 0.223 0.448 0.325]
[0.676 0.513 0.43  0.535 0.754 0.765]
[0.381 0.302 0.66  0.959 0.242 0.533]
[0.412 0.356 0.57  0.531 0.663 0.753]
[0.754 0.462 0.684 0.228 0.623 0.314]
[0.529 0.66  0.388 0.195 0.547 0.367]
[0.401 0.473 0.743 0.159 0.381 0.391]
[1.023 0.68  0.43  0.314 0.636 0.756]
[0.58  0.467 0.624 0.314 0.59  0.785]
[0.737 0.32  0.832 0.248 0.787 0.235]
[0.411 0.455 0.527 0.431 0.824 0.555]
[0.618 0.394 0.583 0.449 0.637 0.646]
[0.346 0.566 0.469 0.26  0.447 0.562]
[0.376 0.421 0.901 0.84  0.596 0.504]
[1.395 0.364 0.929 0.216 0.637 0.495]
[0.284 0.481 0.594 0.347 0.39  0.458]
[0.37  0.486 0.721 0.217 0.498 0.305]
[0.251 0.38  0.844 0.3   0.458 0.359]
[0.546 0.498 0.383 0.573 0.678 0.701]
[0.411 0.378 0.6   0.582 0.524 0.615]
[0.613 0.395 0.609 0.564 0.745 0.928]
[0.556 0.535 0.594 0.165 0.514 0.477]
[0.395 0.251 0.76  0.57  0.449 0.424]
[0.645 0.559 0.462 0.404 0.512 0.823]
[0.659 0.474 0.518 0.354 0.655 0.709]
[0.672 0.611 0.508 0.168 0.611 0.483]
[0.56  0.336 0.499 0.712 0.511 0.637]
[0.701 0.353 0.673 0.502 0.679 0.813]
[0.404 0.393 0.617 0.298 0.606 0.813]
[1.115 0.467 0.676 0.343 0.519 0.383]
[0.483 0.456 0.471 0.447 0.835 0.889]
[0.753 0.352 0.676 0.39  0.635 0.744]
[0.454 0.373 0.731 0.749 0.656 0.839]
[0.296 0.346 0.718 0.58  0.439 0.552]
[0.434 0.276 0.747 0.737 0.34  0.484]
[0.654 0.414 0.643 0.259 0.609 0.434]
[0.537 0.366 0.76  0.465 0.519 0.475]
[0.451 0.516 0.404 0.881 0.592 0.745]
[0.578 0.465 0.458 0.251 0.406 0.686]
[0.7   0.394 0.606 0.229 0.58  0.31 ]
[0.339 0.36  0.578 0.373 0.864 0.644]
[0.782 0.403 0.75  0.116 0.482 0.33 ]
[0.655 0.419 0.451 0.581 0.587 0.726]
[0.621 0.418 0.495 0.304 0.674 0.744]
[0.854 0.312 0.798 0.349 0.666 0.298]
[0.456 0.354 0.639 0.2   0.459 0.269]
[0.454 0.266 1.022 0.402 0.492 0.333]
[0.462 0.281 0.882 0.229 0.73  0.356]
[0.398 0.295 0.838 0.311 0.641 0.371]
[0.514 0.362 0.701 0.301 0.453 0.354]
[0.354 0.27  0.768 0.725 0.413 0.43 ]
[0.466 0.37  0.414 0.202 0.397 0.295]
[0.361 0.664 0.412 0.324 0.297 0.367]
[0.832 0.704 0.613 0.415 0.585 0.63 ]
[0.587 0.231 0.834 0.396 0.876 0.774]
[0.325 0.475 0.712 0.397 0.498 0.627]
[0.399 0.325 0.833 0.373 0.339 0.35 ]
[0.423 0.481 0.553 0.366 0.487 0.385]
[0.609 0.549 0.548 0.252 0.731 0.993]
[0.233 0.358 0.826 0.485 0.444 0.602]
[0.367 0.251 0.907 0.256 0.505 0.251]
[0.322 0.199 1.105 0.378 0.427 0.211]
[0.523 0.492 0.683 0.444 0.572 0.603]
[0.447 0.269 0.688 0.575 0.354 0.603]
[0.368 0.409 0.593 0.184 0.407 0.473]
[0.555 0.393 0.722 0.492 0.514 0.708]
[0.26  0.359 0.682 0.364 0.416 0.581]
[0.299 0.413 0.816 1.093 0.503 0.736]
[0.481 0.247 0.671 0.701 0.637 0.821]
[0.495 0.421 0.828 0.252 0.681 0.488]
[0.368 0.505 0.584 0.565 0.46  0.456]
[0.504 0.314 0.847 0.132 0.59  0.237]
[0.46  0.447 0.499 0.577 0.342 0.539]
[0.269 0.516 0.485 0.345 0.364 0.431]
[0.245 0.391 0.605 0.477 0.328 0.373]
[0.428 0.323 1.007 0.202 0.328 0.29 ]
[0.857 0.381 0.895 0.315 0.512 0.408]
[0.444 0.418 0.747 0.288 0.576 0.478]
[0.318 0.458 0.557 0.221 0.321 0.466]
[0.423 0.259 1.108 2.066 0.555 0.61 ]
[0.545 0.309 0.726 0.304 0.746 0.522]
[0.937 0.483 0.639 0.29  0.603 0.536]
[0.417 0.259 0.411 0.676 0.646 0.736]
[0.502 0.208 0.749 0.259 0.394 0.401]
[0.361 0.255 0.891 0.411 0.488 0.56 ]
[0.88  0.2   0.704 0.507 0.503 0.522]
[0.406 0.337 0.696 0.51  0.519 0.536]
[0.817 0.356 0.64  0.45  0.665 0.576]
[0.62  0.386 0.554 0.212 0.614 0.348]
[0.341 0.349 0.8   0.711 0.375 0.335]
[0.334 0.184 0.925 0.513 0.662 0.575]
[0.625 0.359 0.388 0.643 0.502 0.804]
[0.719 0.277 0.85  0.411 0.661 0.83 ]
[0.377 0.375 0.582 0.381 0.616 0.927]
[0.336 0.333 0.595 0.765 0.348 0.447]
[0.767 0.192 0.763 0.41  0.749 0.693]
[0.495 0.388 0.441 0.496 0.525 0.559]
[0.857 0.529 0.552 0.273 0.702 0.489]
[0.301 0.27  0.936 0.657 0.48  0.71 ]
[0.186 0.591 0.905 0.312 0.211 0.393]
[0.828 0.322 0.665 0.285 0.308 0.304]
[0.526 0.292 0.718 0.26  0.568 0.333]
[0.237 0.595 0.584 0.639 0.243 0.436]
[0.602 0.442 0.466 0.519 0.56  0.749]
[0.356 0.305 0.542 0.591 0.746 0.524]
[0.524 0.43  0.577 0.326 0.986 1.073]
[1.065 0.392 0.672 0.231 0.669 0.32 ]
[0.495 0.412 0.576 0.652 0.401 0.445]
[0.547 0.249 0.692 0.853 0.399 0.308]
[0.675 0.587 1.996 0.908 0.407 0.332]
[0.837 0.555 0.485 0.277 0.546 0.53 ]
[0.371 0.384 0.43  0.262 0.493 0.655]
[0.933 0.21  0.955 0.682 0.561 0.551]
[0.384 0.283 0.577 0.594 0.345 0.485]
[0.487 0.359 0.724 0.277 0.547 0.359]
[0.41  0.431 0.615 0.351 0.392 0.388]
[0.398 0.233 0.887 0.294 0.429 0.338]
[0.345 0.732 2.278 0.747 0.394 0.343]
[0.304 0.197 0.808 0.396 0.564 0.526]
[0.345 0.546 0.288 0.419 0.394 0.655]
[0.233 0.301 0.679 0.27  0.337 0.35 ]
[0.722 0.49  0.511 0.285 0.474 0.432]
[0.246 0.131 0.958 0.278 0.39  0.178]
[0.977 0.379 0.606 0.519 0.658 0.453]
[0.457 0.395 0.607 0.307 0.743 0.661]
[0.579 0.449 0.485 0.394 0.548 0.547]
[0.627 0.414 0.581 0.219 0.636 0.47 ]
[0.266 0.316 0.535 0.493 0.248 0.348]
[0.827 0.564 0.691 0.244 0.313 0.456]
[0.756 0.867 0.518 0.29  0.205 0.427]
[0.362 0.329 0.61  0.278 0.384 0.358]
[0.276 0.166 0.787 0.265 0.418 0.211]
[1.348 0.518 0.493 0.286 0.441 0.531]
[0.404 0.482 0.689 0.21  0.443 0.393]
[0.85  0.528 0.424 0.492 0.474 0.632]
[0.334 0.316 0.526 0.465 0.48  0.609]
[0.355 0.339 0.935 0.607 0.644 0.48 ]
[0.476 0.283 0.67  0.419 0.672 0.45 ]
[0.704 0.253 0.717 0.302 0.782 0.622]
[0.675 0.271 0.424 0.17  0.436 0.395]
[0.373 0.309 0.624 0.531 0.294 0.365]
[0.964 0.35  0.529 0.391 0.37  0.418]
[0.476 0.432 0.559 0.441 0.369 0.592]
[0.552 0.331 0.437 0.214 0.497 0.416]
[0.821 0.464 0.368 0.418 0.489 0.667]
[0.229 0.31  0.907 0.36  0.213 0.181]
[0.393 0.282 0.639 0.417 0.333 0.484]
[0.427 0.233 0.49  0.244 0.455 0.279]
[0.347 0.44  0.649 0.288 0.24  0.281]
[0.838 0.499 0.555 0.22  0.471 0.494]
[0.389 0.318 0.496 0.405 0.344 0.596]
[0.438 0.425 0.466 0.229 0.254 0.306]
[0.557 0.333 0.432 0.149 0.417 0.395]
[0.448 0.239 0.675 0.54  0.479 0.549]
[0.532 0.365 0.707 0.37  0.662 0.701]
[0.403 0.331 0.665 0.479 0.219 0.28 ]
[0.747 1.116 1.864 0.524 0.72  0.437]
[0.45  0.4   0.76  0.193 0.527 0.287]
[0.24  0.432 0.538 0.553 0.306 0.43 ]
[0.297 0.428 0.651 0.395 0.418 0.369]
[0.746 0.297 0.86  0.219 0.605 0.338]
[0.668 0.603 0.392 0.403 0.581 0.961]
[0.428 0.391 0.641 0.443 0.578 0.429]
[0.314 0.179 0.875 0.332 0.476 0.228]
[0.63  0.337 0.851 0.178 0.571 0.312]
[0.615 0.451 0.569 0.266 0.388 0.422]
[0.422 0.28  0.689 0.395 0.698 0.417]
[0.904 0.553 0.379 0.318 0.473 0.743]
[0.287 0.234 0.948 0.405 0.295 0.211]
[0.579 0.259 0.631 0.394 0.673 0.75 ]
[0.489 0.271 0.818 0.892 0.739 0.633]
[0.629 0.421 0.52  0.642 0.472 1.036]
[0.315 0.345 0.51  0.376 0.19  0.335]
[0.321 0.452 0.319 0.751 0.244 0.47 ]
[0.331 0.451 0.486 0.317 0.324 0.389]
[0.352 0.391 0.626 0.349 0.331 0.321]
[0.348 0.237 0.784 0.336 0.589 0.494]
[0.412 0.424 0.564 0.357 0.305 0.449]
[0.414 0.38  0.601 0.596 0.46  0.659]
[0.245 0.495 0.48  0.804 0.291 0.441]
[0.513 0.465 0.508 0.269 0.379 0.341]
[0.235 0.294 0.803 0.407 0.313 0.264]
[0.831 0.355 0.761 0.326 0.533 0.342]
[0.809 0.402 0.467 0.276 0.377 0.421]
[0.608 0.442 0.477 0.252 0.709 0.574]
[0.471 0.391 0.774 0.242 0.609 0.294]
[0.55  0.321 0.663 0.464 0.514 0.658]
[0.641 0.52  0.481 0.271 0.813 1.438]
[0.663 0.343 0.536 0.416 0.628 0.725]
[0.425 0.249 0.659 0.364 0.599 0.512]
[0.286 0.336 0.703 0.338 0.298 0.209]
[0.303 0.226 0.942 0.705 0.504 0.341]
[0.636 0.514 0.56  0.352 0.362 0.578]
[0.452 0.4   0.364 0.394 0.629 0.755]
[0.485 0.325 0.816 0.188 0.537 0.4  ]
[0.305 0.541 0.671 0.5   0.324 0.416]
[0.45  0.335 0.568 0.405 0.612 0.442]
[0.406 0.292 0.602 0.723 0.663 0.554]
[0.718 0.405 0.491 0.22  1.051 0.99 ]
[0.454 0.237 0.652 0.238 0.541 0.333]
[0.316 0.29  0.618 0.385 0.535 0.504]
[0.661 0.386 0.415 0.436 0.671 0.56 ]
[0.261 0.398 0.465 0.388 0.366 0.702]
[0.899 0.544 0.345 0.482 0.742 0.592]
[0.691 0.191 0.799 0.638 0.313 0.804]
[0.27  0.309 0.554 0.565 0.475 0.202]
[0.731 0.245 1.152 0.257 0.479 0.654]
[0.809 0.451 0.541 0.727 0.316 0.563]
[0.287 0.223 0.993 0.338 0.501 0.515]
[0.636 0.292 0.464 0.198 0.548 0.547]
[0.972 0.353 0.679 0.603 0.411 0.691]
[0.368 0.347 0.621 0.516 0.52  0.578]
[0.393 0.476 0.735 0.873 0.21  0.393]
[0.355 0.31  0.488 0.362 0.458 0.542]
[0.416 0.587 0.351 0.337 0.522 0.673]
[0.826 0.251 0.939 0.234 0.379 0.467]
[0.757 0.459 0.666 0.359 0.571 0.371]
[0.311 0.299 0.62  0.336 0.361 0.431]
[0.349 0.454 0.349 0.563 0.55  0.411]
[0.396 0.303 0.288 0.545 0.353 0.645]
[0.448 0.312 0.484 0.147 0.457 0.476]
[0.249 0.299 0.629 0.492 0.385 0.631]
[0.922 0.626 0.48  0.274 0.787 0.668]
[0.478 0.415 0.921 0.497 0.478 0.292]
[0.563 0.405 0.697 0.163 0.509 0.526]
[1.108 0.398 0.777 0.274 0.753 0.412]
[0.748 0.22  0.789 0.45  0.665 0.636]
[0.285 0.748 0.616 0.192 0.407 0.246]
[0.369 0.362 0.595 0.495 0.401 0.616]
[0.369 0.42  0.746 0.376 0.503 0.499]
[1.287 0.535 0.815 0.292 0.715 0.378]
[0.28  0.533 0.547 0.359 0.34  0.302]
[0.721 0.245 0.556 0.479 0.544 0.483]
[0.267 0.235 0.584 0.439 0.41  0.403]
[0.972 0.24  0.813 0.346 0.546 0.418]
[0.478 0.168 0.744 0.431 0.491 0.597]
[0.182 0.324 0.834 0.468 0.141 0.25 ]
[0.371 0.294 0.608 0.186 0.449 0.29 ]
[0.468 0.36  0.536 0.37  0.463 0.549]
[0.323 0.324 0.503 0.453 0.231 0.441]
[0.438 0.486 0.358 0.425 0.662 0.528]
[0.404 0.401 0.61  0.508 0.566 0.612]
[0.557 1.779 1.439 0.922 0.402 0.562]
[0.598 0.355 0.341 0.26  0.832 1.089]
[0.91  0.506 0.559 0.271 0.376 0.643]
[0.22  0.288 0.61  0.353 0.4   0.467]
[0.442 0.478 0.618 0.197 0.298 0.399]
[0.725 0.264 1.074 0.325 0.495 0.286]
[0.763 0.27  0.769 0.333 0.793 0.315]
[0.32  0.214 0.898 0.542 0.37  0.335]
[0.949 1.002 1.968 2.071 0.338 0.548]
[0.528 0.548 0.376 0.415 0.452 0.712]
[0.504 0.175 0.301 0.438 0.456 0.995]
[0.671 0.573 0.361 0.264 0.714 0.949]
[0.287 0.47  0.872 0.35  0.178 0.29 ]
[0.574 0.256 0.869 0.487 0.597 0.454]
[0.283 0.328 0.567 0.343 0.461 0.373]
[0.396 0.178 0.588 0.287 0.587 0.644]
[0.715 0.291 0.757 0.277 0.393 0.539]
[0.333 0.392 0.808 0.579 0.184 0.506]
[0.296 0.298 0.596 0.456 0.358 0.464]
[0.746 0.499 0.513 0.288 0.459 0.57 ]
[0.63  0.271 0.473 0.673 0.357 0.817]
[0.292 0.338 0.448 0.401 0.489 0.478]
[0.409 0.33  0.559 0.242 0.403 0.32 ]
[0.447 0.383 0.746 0.498 0.453 0.348]
[0.393 0.285 0.493 0.249 0.718 0.905]
[0.607 0.422 0.804 0.334 0.221 0.441]
[0.434 0.233 0.659 0.321 0.733 0.618]
[0.32  0.468 0.52  0.617 0.292 0.513]
[0.502 0.214 0.652 0.533 0.295 0.344]
[0.413 0.31  0.445 0.305 0.589 0.486]
[0.587 0.212 0.456 0.39  0.485 0.752]
[0.411 0.402 0.532 0.428 0.424 0.36 ]
[0.458 0.282 0.795 0.473 0.442 0.305]
[0.602 0.482 0.451 0.45  0.523 0.69 ]
[0.426 0.359 0.565 0.477 0.315 0.416]
[0.571 0.277 1.027 0.235 0.648 0.398]
[0.339 0.199 0.79  0.508 0.401 0.508]
[0.452 0.268 0.544 0.345 0.858 0.56 ]
[0.555 0.386 0.386 0.466 0.654 0.61 ]
[0.537 0.264 0.499 0.336 0.609 0.561]
[0.366 0.153 0.815 0.495 0.585 0.678]
[0.581 0.292 0.933 0.224 0.672 0.377]
[0.225 0.298 0.62  0.508 0.314 0.342]
[0.565 0.283 0.367 0.153 0.739 0.337]
[0.266 0.204 0.539 0.335 0.324 0.488]
[0.505 0.61  0.653 0.448 0.462 0.512]
[0.3   0.233 0.911 0.234 0.268 0.225]
[0.462 0.22  0.669 0.389 0.569 0.639]
[0.59  0.323 0.65  0.225 0.574 0.546]
[0.324 0.328 0.686 0.242 0.369 0.252]
[0.278 0.328 0.623 0.321 0.187 0.349]
[0.539 0.297 0.754 0.297 0.766 0.474]
[0.51  0.48  0.466 0.206 0.465 0.353]
[0.229 0.335 1.057 0.506 0.25  0.237]
[0.339 0.248 0.601 0.55  0.357 0.352]
[0.341 0.199 0.489 0.381 0.79  0.775]
[0.89  0.472 0.51  0.313 0.556 0.795]
[0.42  0.461 0.51  0.347 0.633 0.787]
[0.323 0.37  0.785 0.281 0.44  0.238]
[0.216 0.232 0.527 0.539 0.314 0.361]
[0.479 0.406 0.709 0.707 0.734 0.617]
[0.416 0.273 0.529 0.623 0.417 1.061]
[0.397 0.301 0.546 0.887 0.354 0.523]
[0.57  0.588 0.513 0.306 0.743 0.379]
[0.875 0.742 0.521 0.446 0.371 0.43 ]
[0.339 0.467 0.635 0.42  0.187 0.351]
[0.399 0.386 0.64  0.592 0.638 0.494]
[0.501 0.307 0.503 0.246 0.451 0.284]
[0.517 0.34  0.705 0.186 0.479 0.315]
[0.373 0.233 0.84  0.482 0.321 0.379]
[0.259 0.172 0.484 0.316 0.618 0.589]
[0.181 0.169 0.77  0.395 0.277 0.399]
[0.719 0.574 0.539 0.4   0.436 0.544]
[0.643 0.258 0.958 0.409 0.455 0.496]
[0.446 0.288 0.479 0.267 1.005 0.781]
[0.508 0.393 0.658 0.499 0.222 0.494]
[0.368 0.698 0.407 0.424 0.495 0.34 ]
[0.191 0.151 0.427 0.274 0.611 0.316]
[1.372 0.596 0.848 0.477 0.529 0.434]
[0.678 0.564 0.933 0.345 0.565 0.377]
[0.27  0.31  0.595 0.338 0.343 0.42 ]
[0.367 0.28  0.879 0.143 0.471 0.297]
[0.372 0.227 0.38  0.471 0.593 0.72 ]
[0.385 0.177 0.846 0.402 0.415 0.466]
[0.385 0.22  0.428 0.595 0.385 0.914]
[0.193 0.223 0.678 0.601 0.141 0.309]
[0.576 0.307 0.704 0.752 0.279 0.563]
[0.65  0.615 0.475 0.286 0.848 0.315]
[0.204 0.234 0.817 0.326 0.262 0.212]
[0.321 0.178 0.923 1.078 0.192 0.753]
[0.282 0.195 0.447 0.613 0.247 0.829]
[0.385 0.182 0.882 0.345 0.306 0.497]
[0.316 0.355 2.214 0.943 0.469 0.542]
[0.401 0.38  0.858 0.228 0.406 0.259]
[0.356 0.355 0.597 0.512 0.48  0.57 ]
[0.526 0.23  0.677 0.262 0.609 0.902]
[0.884 0.496 0.616 0.326 0.587 0.5  ]
[0.426 0.472 0.787 0.231 0.406 0.321]
[0.283 0.165 0.457 0.411 0.475 0.543]
[0.635 0.356 0.944 0.289 0.619 0.571]
[0.457 0.278 0.457 0.364 0.359 0.556]
[0.201 0.257 0.586 0.395 0.211 0.28 ]
[1.367 0.787 0.987 0.375 0.558 0.374]
[0.707 0.553 0.719 0.379 0.22  0.378]
[0.642 0.557 0.494 0.458 0.213 0.414]
[0.637 0.25  0.691 0.421 0.352 0.562]
[0.348 0.171 0.616 0.471 0.48  0.404]
[0.488 0.416 0.76  0.187 0.602 0.425]
[0.437 0.538 0.35  0.178 1.07  0.394]
[0.551 0.159 0.755 0.319 0.618 0.921]
[0.204 0.266 0.795 0.272 0.196 0.287]
[0.701 0.234 0.657 0.381 0.764 0.552]
[0.561 0.369 0.41  0.288 0.378 0.389]
[0.657 0.49  0.367 0.237 0.595 0.539]
[1.112 0.964 0.547 0.538 0.328 0.317]
[0.59  0.369 0.714 0.42  0.382 0.391]
[0.393 0.268 0.72  0.39  0.217 0.424]
[0.572 0.256 0.483 0.416 0.418 0.556]
[0.207 0.386 0.53  0.347 0.312 0.294]
[0.342 0.245 0.703 0.381 0.221 0.449]
[0.322 0.298 0.55  0.377 0.431 0.438]
[1.112 0.524 0.635 0.394 0.54  0.469]
[0.461 0.26  0.751 0.473 0.401 0.507]
[0.279 0.273 0.674 1.099 0.154 0.332]
[0.323 0.26  1.029 0.273 0.326 0.398]
[0.363 0.317 0.694 0.393 0.241 0.441]
[0.676 0.39  0.476 0.412 0.81  0.569]
[0.302 0.241 0.434 0.289 0.606 0.605]
[0.592 0.483 0.352 0.322 0.344 0.495]
[0.302 0.168 0.614 0.259 0.56  0.777]
[0.253 0.223 0.723 0.516 0.441 0.365]
[0.281 0.262 0.592 0.292 0.336 0.397]
[0.295 0.209 0.519 0.467 0.403 0.482]
[0.821 0.536 0.544 0.31  0.396 0.392]
[0.456 0.228 0.245 0.72  0.577 0.714]
[0.263 0.36  0.732 0.531 0.25  0.325]
[1.089 0.702 0.587 0.335 1.054 0.396]
[0.572 0.242 0.612 0.667 0.515 0.629]
[0.374 0.261 0.621 0.545 0.297 0.565]
[0.531 0.328 0.676 0.277 0.498 0.437]
[0.506 0.197 0.417 0.456 0.428 0.754]
[0.396 0.281 0.569 0.532 0.422 0.336]
[0.324 0.346 0.795 0.213 0.279 0.317]
[0.297 0.278 0.52  0.31  0.405 0.326]
[0.576 0.172 0.536 0.373 0.454 0.675]
[0.478 0.353 0.628 0.374 0.605 0.291]
[0.221 0.173 0.88  0.162 0.202 0.368]
[0.357 0.132 1.162 0.435 0.582 0.483]
[0.387 0.2   1.048 0.613 0.332 0.349]
[0.518 0.235 0.418 0.7   0.377 0.665]
[0.386 0.352 0.322 0.364 0.593 0.629]
[0.683 0.298 0.651 0.546 0.282 0.41 ]
[0.538 0.319 0.411 0.656 0.411 0.567]
[0.358 0.4   0.964 0.242 0.297 0.334]
[0.571 0.422 1.032 0.386 0.287 0.372]
[0.291 0.312 0.696 0.369 0.423 0.325]
[0.266 0.516 0.516 0.251 0.246 0.286]
[0.506 0.259 0.921 0.353 0.511 0.382]
[0.304 0.299 0.451 0.47  0.388 0.459]
[0.359 0.321 0.456 0.483 0.51  0.534]
[0.433 0.284 0.934 0.623 0.307 0.368]
[0.407 0.326 0.504 0.598 0.585 0.387]
[0.461 0.372 0.728 0.24  0.268 0.358]
[0.554 0.203 0.643 0.493 0.468 0.501]
[0.63  0.401 0.537 0.469 0.313 0.482]
[0.922 0.417 0.548 0.374 0.509 0.543]
[0.22  0.166 0.702 0.347 0.616 0.55 ]
[0.381 0.423 0.556 0.203 0.399 0.46 ]
[0.408 0.582 0.564 0.159 0.265 0.291]
[0.344 0.191 0.661 0.354 0.171 0.385]
[0.401 0.241 0.754 0.586 0.567 0.461]
[0.204 0.234 0.9   0.193 0.293 0.339]
[0.404 0.411 0.921 0.241 0.233 0.262]
[0.36  0.298 0.279 0.309 0.235 0.477]
[0.401 0.328 0.524 0.218 0.643 0.309]
[0.466 0.29  0.618 0.386 0.907 0.46 ]
[0.5   0.463 0.343 0.382 0.857 0.49 ]
[0.732 0.37  0.639 0.268 0.672 0.483]
[0.319 0.711 0.511 0.39  0.171 0.236]
[0.365 0.285 1.139 0.652 0.446 0.275]
[0.455 0.313 0.31  0.443 0.239 0.476]
[0.489 0.281 0.379 0.458 0.358 0.601]
[0.34  0.207 0.421 0.469 0.246 0.584]
[0.732 0.31  0.463 0.722 0.449 0.556]
[0.266 0.352 0.357 0.384 0.372 0.402]
[0.56  0.288 0.746 0.384 0.356 0.5  ]
[0.343 0.233 0.545 0.301 0.187 0.383]
[0.668 0.385 0.419 0.412 0.48  0.478]
[0.458 0.273 0.468 0.17  0.335 0.396]
[0.265 0.261 0.476 0.315 0.368 0.368]
[0.25  0.324 0.448 0.244 0.311 0.333]
[0.185 0.299 0.484 0.31  0.42  0.529]
[0.221 0.244 0.249 0.489 0.42  0.52 ]
[0.606 0.254 0.8   0.191 0.563 0.525]
[0.327 0.466 0.404 0.178 0.585 0.374]
[0.349 0.214 0.46  0.693 0.297 0.632]
[0.373 0.183 0.321 0.279 0.687 0.717]
[0.735 0.377 0.349 0.186 0.495 0.483]
[0.861 0.657 0.378 0.384 0.385 0.365]
[0.279 0.294 0.93  0.213 0.249 0.246]
[0.284 0.262 0.604 0.367 0.463 0.385]
[0.454 0.45  0.567 0.232 0.329 0.304]
[0.672 0.275 0.249 0.542 0.635 0.747]
[0.424 0.213 0.666 0.265 0.951 0.543]
[0.432 0.473 0.402 0.254 0.198 0.33 ]
[0.98  0.519 0.568 0.276 0.31  0.46 ]
[0.295 0.277 0.642 0.216 0.322 0.317]
[0.605 0.468 0.274 0.452 0.732 0.549]
[0.385 0.282 0.395 0.347 0.445 0.592]
[0.412 0.35  0.666 0.444 0.422 0.371]
[0.35  0.312 0.35  0.334 0.682 0.688]
[1.016 0.487 0.713 0.37  0.318 0.401]
[0.354 0.395 0.643 0.543 0.688 0.63 ]
[0.452 0.27  0.502 0.64  0.635 0.67 ]
[0.552 0.259 0.498 0.501 0.633 0.467]
[0.254 0.228 0.73  0.303 0.657 0.623]
[0.443 0.285 0.627 0.739 0.451 0.703]
[0.42  0.292 0.801 0.668 0.338 0.416]
[0.319 0.382 0.813 0.16  0.311 0.242]
[0.4   0.398 0.665 0.394 0.395 0.415]
[0.724 0.313 0.355 0.512 0.399 0.566]
[0.526 0.265 0.463 0.279 0.286 0.392]
[0.308 0.339 0.573 0.429 0.236 0.337]
[0.441 0.312 0.395 0.569 0.418 0.545]
[0.73  0.412 0.572 0.448 0.696 0.344]
[0.716 0.31  0.367 0.158 0.838 0.56 ]
[0.586 0.386 0.568 0.459 0.447 0.43 ]
[0.187 0.303 0.615 0.191 0.212 0.236]
[0.178 0.247 0.555 0.304 0.348 0.315]
[0.195 0.21  0.633 0.398 0.301 0.399]
[0.481 0.242 0.936 0.422 0.42  0.475]
[0.324 0.285 0.619 0.194 0.361 0.402]
[0.858 0.464 0.759 0.302 0.561 0.28 ]
[0.477 0.226 0.712 0.344 0.547 0.432]
[0.357 0.348 0.473 0.141 0.339 0.339]
[0.874 0.433 0.716 0.768 0.217 0.423]
[0.216 0.254 1.335 0.568 0.326 0.409]
[0.647 0.74  0.499 0.278 0.195 0.23 ]
[0.995 0.365 0.689 0.294 0.391 0.404]
[0.376 0.424 0.67  0.174 0.561 0.33 ]
[0.611 0.443 0.347 0.225 0.309 0.372]
[0.265 0.172 1.178 0.441 0.347 0.38 ]
[0.689 0.391 0.595 0.282 0.478 0.414]
[0.286 0.822 5.606 1.438 0.578 0.281]
[0.379 0.309 0.7   0.518 0.527 0.522]
[0.264 0.254 0.489 0.49  0.374 0.611]
[0.373 0.206 0.276 0.281 0.74  0.771]
[0.177 0.292 0.839 0.308 0.188 0.269]
[0.321 0.142 0.89  0.428 0.779 0.714]
[0.33  0.203 1.104 0.465 0.466 0.424]
[0.388 0.257 0.622 0.437 0.936 0.797]
[0.236 0.2   0.987 0.331 1.095 0.623]
[0.329 0.302 0.448 0.176 0.204 0.321]
[0.544 0.445 0.438 0.241 0.234 0.28 ]
[0.289 0.336 0.58  0.327 0.328 0.355]
[0.607 0.308 0.898 0.625 0.378 0.432]
[0.586 0.223 0.398 0.483 0.362 0.644]
[0.543 0.452 0.43  0.308 0.223 0.336]
[0.423 0.236 0.404 0.377 0.789 0.525]
[0.339 0.165 0.612 0.53  0.379 0.769]
[0.687 0.583 0.673 0.333 0.353 0.294]
[1.277 0.581 0.496 0.287 0.499 0.399]
[0.395 0.344 0.732 0.197 0.789 0.311]
[0.467 0.391 0.387 0.239 0.299 0.355]
[0.269 0.221 0.445 0.363 0.469 0.67 ]
[0.308 0.445 0.459 0.571 0.316 0.295]
[0.222 0.471 0.528 0.344 0.225 0.33 ]
[0.38  0.229 0.401 0.613 0.418 0.703]
[0.307 0.333 1.124 0.789 0.218 0.377]
[0.367 0.425 0.561 0.295 0.41  0.258]
[0.181 0.257 0.522 0.155 0.24  0.469]
[0.353 0.321 0.522 0.579 0.737 0.478]
[0.587 0.344 0.539 0.551 0.404 0.308]
[0.246 0.237 0.446 0.239 0.73  0.73 ]
[0.879 0.393 0.393 0.774 0.325 0.313]
[0.862 0.3   0.527 0.285 0.763 0.423]
[0.49  0.462 0.403 0.36  0.182 0.284]
[0.282 0.261 1.132 0.361 0.681 0.485]
[0.77  0.42  0.696 0.259 0.796 0.248]
[0.544 0.258 0.965 0.25  0.385 0.289]
[0.184 0.21  0.724 0.477 0.645 0.484]
[0.54  0.432 0.858 0.347 0.205 0.282]
[0.321 0.579 0.866 0.256 0.353 0.233]
[0.667 0.214 0.505 0.233 0.585 0.436]
[0.573 0.343 0.354 0.643 0.314 0.421]
[0.441 0.425 0.468 0.238 0.285 0.352]
[0.217 0.211 0.479 0.411 0.481 0.559]
[0.547 0.268 0.921 0.59  0.389 0.504]
[0.815 0.287 1.169 0.553 0.235 0.559]
[0.487 0.434 0.675 0.196 0.38  0.327]
[0.409 0.305 0.459 0.364 0.238 0.296]
[0.582 0.287 1.159 0.331 0.463 0.404]
[0.893 0.346 0.258 0.199 0.371 0.379]
[0.353 0.297 0.376 0.192 0.251 0.278]
[0.462 0.231 0.753 0.355 0.618 0.608]
[0.298 0.305 0.62  0.246 0.216 0.371]
[0.394 0.283 0.997 0.261 0.427 0.267]
[0.564 0.338 0.68  0.456 0.234 0.446]
[0.773 0.443 0.263 0.243 0.273 0.272]
[0.477 0.201 0.325 0.317 0.606 0.441]
[0.497 0.165 0.855 0.136 0.471 0.545]
[0.367 0.29  0.734 0.257 0.168 0.287]
[0.472 0.381 0.354 0.397 0.419 0.586]
[0.298 0.375 0.601 0.237 0.376 0.344]
[0.204 0.275 0.476 0.385 0.4   0.478]
[0.855 0.335 0.446 0.475 0.382 0.502]
[0.586 0.426 0.296 0.326 0.224 0.347]
[0.236 0.31  0.534 0.36  0.179 0.354]
[0.319 0.224 0.415 0.286 0.591 0.566]
[0.254 0.23  0.568 0.597 0.804 0.461]
[0.608 0.292 0.52  0.388 0.453 0.504]
[0.404 0.266 0.799 0.215 0.464 0.267]
[0.431 0.327 0.692 0.689 0.446 0.618]
[0.394 0.186 0.679 0.295 0.659 0.72 ]
[0.393 0.312 0.758 0.694 0.506 0.49 ]
[0.271 0.241 0.602 0.288 0.434 0.36 ]
[0.349 0.337 0.467 0.237 0.232 0.417]
[0.492 0.382 0.299 0.485 0.767 0.328]
[0.291 0.409 0.939 0.59  0.233 0.328]
[0.334 0.258 0.559 0.432 0.75  0.469]
[0.35  0.339 0.629 0.425 0.316 0.458]
