[1. 1. 1. 1. 1. 1.]
[0.999 1.01  0.949 0.984 1.134 1.08 ]
[0.917 0.937 0.999 0.945 1.035 1.08 ]
[0.975 0.974 0.993 1.024 0.926 1.005]
[0.986 1.035 0.936 0.94  1.076 1.102]
[0.97  1.023 1.012 0.985 1.192 1.039]
[1.146 0.972 0.867 1.163 1.175 0.945]
[0.862 0.977 0.973 0.923 1.254 1.107]
[0.882 0.901 1.158 0.868 1.023 0.936]
[0.815 1.064 1.126 0.962 1.069 1.135]
[1.016 0.866 1.103 0.918 1.235 0.937]
[0.922 1.024 1.303 1.064 0.843 0.879]
[0.997 0.901 1.023 1.057 1.105 0.827]
[0.818 1.047 1.102 0.836 1.027 1.05 ]
[0.804 0.879 1.248 0.895 0.877 0.976]
[0.939 1.198 1.165 0.999 0.926 0.866]
[0.902 0.908 0.8   0.76  0.918 0.944]
[0.707 0.966 0.985 1.035 0.911 0.843]
[0.625 1.089 1.162 0.943 0.872 0.821]
[1.129 0.957 1.126 0.914 0.879 1.085]
[0.83  1.025 1.079 0.861 0.951 0.923]
[0.671 1.12  0.909 0.873 0.831 0.848]
[0.779 0.987 1.059 1.102 1.1   0.777]
[1.112 1.152 0.907 1.018 1.102 0.797]
[0.923 1.103 0.907 0.882 0.897 0.799]
[0.941 1.344 0.872 0.968 1.052 0.798]
[0.617 1.176 0.949 1.156 0.697 0.764]
[1.045 0.946 1.108 0.887 0.934 0.806]
[0.806 0.891 1.077 0.967 0.909 1.052]
[0.77  0.936 1.177 0.89  0.741 0.958]
[0.76  1.091 0.936 0.921 0.735 0.871]
[0.728 1.035 0.798 0.92  0.85  0.827]
[0.786 1.138 1.235 1.2   0.712 1.025]
[1.027 0.965 0.782 0.752 0.929 1.009]
[1.127 0.942 1.079 0.753 1.031 0.979]
[0.684 0.858 1.014 1.025 0.82  0.943]
[0.746 0.998 0.899 0.837 0.887 0.727]
[0.648 1.047 1.122 0.907 0.82  0.839]
[0.735 1.077 1.161 0.773 0.705 0.731]
[0.665 1.131 0.917 0.676 0.903 0.955]
[0.818 0.883 0.955 0.741 0.759 0.806]
[1.083 0.85  1.045 0.868 0.727 0.846]
[1.208 1.053 1.042 0.766 0.8   0.663]
[0.758 0.811 0.865 0.864 0.758 0.809]
[1.28  1.092 0.996 0.747 0.981 1.102]
[0.792 0.893 1.191 0.924 0.925 0.713]
[0.851 0.862 0.987 0.939 1.128 0.816]
[0.63  0.95  1.063 0.994 1.057 0.758]
[1.134 1.549 1.019 0.522 0.859 0.643]
[0.953 1.058 1.101 0.704 0.875 0.773]
[0.841 0.864 1.054 0.952 0.743 0.833]
[0.963 1.341 0.967 0.741 0.917 0.618]
[1.14  0.743 0.938 0.832 0.984 0.936]
[1.343 1.027 1.008 0.735 0.72  0.765]
[0.909 0.891 0.938 0.788 0.772 0.667]
[0.886 1.081 1.034 0.84  1.007 0.818]
[0.899 1.23  0.9   0.89  0.634 0.549]
[0.809 0.983 0.882 0.76  0.907 0.794]
[1.124 0.769 0.81  0.668 0.682 0.764]
[1.023 0.839 1.289 0.821 1.122 0.78 ]
[0.705 1.006 0.986 0.692 1.175 0.789]
[0.975 0.924 0.809 0.997 1.126 0.833]
[0.574 1.065 0.895 0.784 0.674 0.898]
[0.983 0.778 1.093 0.727 1.012 0.791]
[0.91  1.035 0.875 0.643 0.648 0.765]
[0.814 0.969 1.079 0.884 0.999 0.744]
[0.73  0.787 1.19  0.863 1.425 0.702]
[0.621 0.808 0.909 1.015 0.878 1.114]
[0.582 0.725 0.813 0.933 0.83  0.805]
[0.653 1.334 1.011 0.738 0.698 0.692]
[0.673 0.97  1.011 0.809 0.793 0.836]
[0.589 0.829 1.    0.929 0.819 0.959]
[0.49  1.236 0.882 0.744 0.709 0.698]
[0.747 0.855 1.119 0.723 0.842 0.913]
[0.445 0.701 0.767 0.925 0.576 0.725]
[0.522 0.64  0.913 0.893 0.672 0.69 ]
[0.483 0.924 0.861 0.813 0.807 0.844]
[0.906 0.725 0.884 0.938 0.929 0.616]
[0.564 0.979 0.934 0.95  0.657 0.734]
[0.601 0.712 0.947 0.815 0.77  0.807]
[0.877 1.345 0.884 0.714 0.91  0.764]
[1.09  1.141 0.716 0.794 1.084 0.964]
[0.92  1.023 0.784 0.814 0.764 0.604]
[0.889 0.892 0.795 0.448 0.736 0.57 ]
[0.824 0.77  0.731 0.717 0.616 0.81 ]
[0.626 0.816 0.928 0.608 0.574 0.693]
[0.617 1.055 0.849 0.779 0.882 0.772]
[0.919 0.591 0.776 0.839 0.931 0.808]
[1.005 0.746 0.64  0.585 0.836 0.638]
[0.906 1.042 0.736 0.736 0.777 0.773]
[0.762 1.056 0.891 0.708 0.854 0.831]
[0.882 0.577 0.841 0.898 0.761 0.798]
[0.825 0.78  0.747 0.826 0.877 0.95 ]
[0.59  0.752 0.775 0.667 0.662 0.82 ]
[0.645 0.67  0.793 0.717 0.487 0.793]
[0.91  0.951 0.81  0.839 0.795 0.979]
[0.615 0.638 0.677 0.666 0.74  0.883]
[1.346 0.776 0.818 0.588 0.595 0.657]
[0.906 0.729 1.008 0.641 1.013 0.673]
[0.661 0.724 0.717 0.606 0.591 0.73 ]
[0.94  0.818 1.18  0.553 0.947 0.63 ]
[0.514 0.6   0.817 0.699 0.635 0.731]
[0.401 0.932 0.916 1.356 0.513 0.697]
[0.63  0.928 1.003 0.713 0.805 0.717]
[0.89  0.962 1.161 0.494 0.509 0.572]
[0.94  0.832 0.764 0.912 1.032 0.835]
[0.832 0.506 0.582 0.792 0.508 0.596]
[0.777 0.673 0.708 0.979 0.833 0.821]
[0.987 0.731 0.761 0.716 0.64  0.545]
[1.087 0.626 0.796 0.703 0.576 0.644]
[0.898 0.846 0.947 0.653 1.019 0.852]
[0.46  0.725 0.678 0.859 0.696 1.067]
[0.541 1.358 0.996 1.012 0.923 1.083]
[0.687 0.604 0.749 0.68  0.449 0.693]
[0.751 0.608 0.918 0.552 0.725 0.702]
[0.372 1.07  0.692 1.172 0.499 0.74 ]
[0.617 1.213 0.739 0.921 0.487 0.784]
[0.709 0.809 0.643 0.653 0.483 0.569]
[0.745 1.175 0.632 0.4   1.031 0.902]
[0.697 0.528 0.658 0.801 0.747 0.927]
[0.472 0.678 0.871 0.656 0.692 0.685]
[0.825 0.765 0.676 0.673 0.779 0.716]
[0.551 0.554 0.638 0.836 0.975 0.706]
[1.192 0.766 0.641 0.568 0.715 0.777]
[0.759 1.139 1.065 0.904 0.603 0.632]
[0.803 0.611 0.751 0.673 0.875 0.755]
[0.768 0.496 1.057 0.617 0.559 0.648]
[0.617 0.589 0.996 0.791 0.511 0.933]
[0.744 0.585 0.748 0.706 0.737 0.91 ]
[1.065 0.681 0.686 0.84  0.809 0.645]
[0.559 0.871 0.759 0.743 0.747 0.759]
[0.906 0.527 0.862 0.801 1.002 0.942]
[0.756 0.716 0.901 0.568 0.661 0.615]
[0.721 0.549 0.802 0.724 0.748 1.05 ]
[0.569 0.802 0.681 0.838 0.77  0.824]
[1.005 0.685 0.801 0.627 0.662 0.518]
[0.681 0.692 0.941 0.904 0.547 0.611]
[0.53  0.52  0.793 0.982 0.51  0.895]
[1.129 0.618 0.725 0.674 0.703 0.794]
[0.613 0.504 0.693 0.743 0.953 0.791]
[1.09  0.952 0.734 0.71  0.603 0.526]
[0.715 0.76  0.755 0.847 1.119 0.873]
[0.626 0.639 0.702 0.904 0.661 0.765]
[0.678 0.686 0.829 0.965 0.808 0.531]
[0.82  0.793 0.609 0.69  0.593 0.793]
[0.599 0.634 0.736 1.061 1.067 1.005]
[0.972 0.863 0.732 0.743 0.469 0.489]
[0.486 0.655 0.743 0.6   0.629 0.755]
[0.56  1.458 0.83  1.157 0.439 1.078]
[0.938 0.577 0.878 0.598 0.667 0.693]
[0.851 0.893 0.843 0.695 0.619 0.674]
[0.825 0.55  0.797 0.599 0.548 0.415]
[0.919 0.741 0.821 0.491 0.79  0.698]
[0.677 0.878 0.862 0.744 0.986 0.889]
[0.714 0.653 0.761 0.939 0.717 0.742]
[0.784 1.003 1.002 0.43  0.48  0.643]
[0.76  0.895 0.771 0.887 0.755 0.704]
[0.592 1.606 1.045 0.686 0.438 1.045]
[0.7   0.915 1.147 0.495 0.608 0.585]
[0.654 0.929 0.743 0.663 0.701 0.75 ]
[0.946 0.499 0.743 0.497 0.802 0.761]
[0.579 0.678 0.772 0.656 1.009 0.702]
[0.826 0.418 0.703 0.66  0.607 0.512]
[0.578 0.663 0.8   0.644 0.713 0.752]
[0.344 0.723 0.809 0.879 1.429 0.888]
[0.609 0.626 0.727 0.681 0.815 0.597]
[0.425 0.953 0.752 1.419 0.56  0.8  ]
[0.933 0.56  0.792 0.494 0.385 0.54 ]
[0.555 0.551 0.734 0.825 0.665 0.74 ]
[0.872 0.468 0.558 0.838 0.74  0.662]
[0.654 0.412 0.725 0.779 0.773 0.877]
[0.738 0.522 0.678 0.522 0.498 0.584]
[0.718 0.515 0.727 0.582 0.739 0.616]
[0.752 0.579 0.66  0.845 0.455 0.603]
[0.519 0.673 0.764 1.192 0.476 0.799]
[0.74  0.517 0.697 0.651 0.555 0.6  ]
[0.774 0.453 0.624 0.67  1.032 0.889]
[1.036 0.9   0.682 0.459 0.287 0.428]
[1.127 0.675 0.689 0.519 0.367 0.822]
[0.831 0.58  0.872 0.604 0.876 0.695]
[0.891 0.681 0.674 0.506 0.692 0.82 ]
[0.56  0.691 0.603 0.702 0.596 0.854]
[0.454 0.608 0.826 0.826 0.461 0.566]
[0.644 0.753 0.675 0.62  0.309 0.708]
[0.965 0.441 0.935 0.478 0.607 0.564]
[0.719 1.025 0.741 0.873 0.358 0.864]
[0.848 0.672 0.676 0.54  0.632 0.586]
[0.621 0.699 0.674 0.464 0.589 0.614]
[0.183 0.741 0.538 1.449 0.85  0.773]
[0.551 0.602 0.728 0.902 0.751 0.756]
[0.711 0.625 0.716 0.698 0.409 1.072]
[0.329 1.333 0.957 0.91  0.344 1.161]
[0.467 0.498 0.61  1.003 0.678 0.908]
[0.594 0.463 0.972 0.658 0.611 0.5  ]
[0.498 0.565 0.77  0.554 0.592 0.789]
[0.602 0.756 0.58  0.732 0.902 0.632]
[1.288 0.652 0.656 0.526 0.395 0.548]
[0.773 0.563 0.584 0.571 0.373 0.453]
[0.735 0.68  0.645 0.484 0.657 0.673]
[0.382 0.473 0.763 0.554 0.512 0.683]
[0.564 0.481 0.902 0.657 0.5   0.55 ]
[0.659 0.598 0.948 0.532 0.683 0.551]
[0.627 0.995 0.787 0.443 1.057 0.717]
[0.804 0.728 0.574 0.69  0.378 0.47 ]
[0.597 0.397 0.774 0.549 0.434 0.895]
[0.571 0.461 0.65  0.742 0.424 0.948]
[0.699 0.688 0.753 0.91  0.255 0.583]
[0.405 0.427 0.777 1.006 0.388 0.812]
[0.327 0.934 0.652 1.166 0.314 1.241]
[0.815 0.541 0.882 0.541 0.655 0.711]
[0.597 0.639 0.785 0.67  0.952 0.89 ]
[0.946 0.556 0.679 0.449 0.313 0.472]
[0.452 0.406 0.641 0.741 0.324 0.789]
[0.599 0.747 0.95  0.734 0.398 0.631]
[0.839 0.679 0.719 0.535 0.31  0.378]
[0.457 0.629 0.839 0.691 0.613 0.879]
[0.865 0.742 0.67  0.43  0.697 0.454]
[0.497 0.333 0.637 0.67  0.37  0.625]
[0.479 0.408 0.802 0.514 0.976 0.622]
[0.905 0.594 0.664 0.707 0.741 0.507]
[0.751 0.851 0.679 0.653 0.755 0.75 ]
[0.754 0.591 0.511 0.728 0.43  0.439]
[0.577 0.643 0.586 0.921 0.545 0.414]
[0.778 0.719 0.667 0.344 0.595 0.779]
[0.44  0.874 0.784 0.746 0.387 0.72 ]
[0.529 0.739 0.724 0.558 0.688 0.587]
[0.46  0.58  0.899 0.522 0.567 0.724]
[0.754 0.376 0.615 0.47  0.489 0.604]
[0.675 0.888 0.714 0.644 0.812 0.712]
[0.579 0.648 0.578 0.639 0.827 0.638]
[0.469 0.785 0.608 0.647 0.673 0.663]
[0.359 0.473 0.663 0.583 1.227 0.875]
[0.585 0.509 0.689 0.779 0.578 0.792]
[0.423 0.687 0.734 0.604 0.484 0.541]
[0.512 0.413 0.527 0.775 0.543 0.817]
[0.524 0.894 0.643 0.555 0.473 0.559]
[0.191 0.99  1.092 0.76  0.367 0.926]
[0.703 0.557 0.82  0.552 0.686 0.834]
[0.443 0.67  0.649 0.902 0.486 0.926]
[0.551 0.89  0.502 0.822 0.425 0.659]
[1.119 0.608 0.606 0.421 0.431 0.582]
[0.655 0.576 0.635 0.698 0.539 0.671]
[0.583 0.541 0.455 0.401 0.424 0.537]
[0.67  0.729 0.551 0.77  0.392 0.549]
[0.641 0.576 0.537 0.879 0.499 0.678]
[0.755 0.413 0.526 0.471 0.607 0.672]
[0.618 0.656 0.75  0.5   0.407 0.647]
[0.547 0.582 0.528 0.67  0.732 0.788]
[1.161 0.368 0.741 0.652 0.799 0.668]
[0.608 0.438 0.596 0.678 0.517 0.645]
[0.387 0.504 0.695 0.464 0.717 0.705]
[0.298 0.573 0.725 0.576 0.479 0.714]
[0.543 0.472 0.506 0.512 0.427 0.483]
[0.606 0.726 0.77  0.508 0.406 0.569]
[0.721 0.488 0.856 0.491 0.64  0.666]
[0.427 0.723 0.576 0.791 0.456 0.557]
[0.479 0.5   0.864 0.631 0.549 0.907]
[0.608 0.848 0.525 0.628 0.758 0.872]
[0.514 0.562 0.621 1.019 0.729 0.875]
[0.682 0.674 0.51  0.662 0.489 0.687]
[0.434 0.865 0.613 1.065 0.678 1.339]
[0.708 0.534 0.624 0.334 0.383 0.586]
[0.57  0.475 0.505 0.809 0.638 0.685]
[0.495 0.624 0.592 0.565 0.461 0.708]
[0.5   0.726 0.49  0.453 0.65  0.392]
[0.599 0.756 0.726 0.754 0.385 0.662]
[0.27  0.801 0.963 0.66  0.273 1.12 ]
[0.345 0.76  0.795 1.276 0.158 1.081]
[0.683 0.541 0.797 0.388 0.327 0.423]
[0.627 0.773 0.586 0.657 0.69  0.661]
[0.61  0.756 0.566 0.712 0.374 0.54 ]
[0.495 0.495 0.68  0.441 0.44  0.377]
[0.111 0.514 0.873 0.804 0.27  1.249]
[0.656 0.322 0.656 0.562 0.507 0.357]
[0.601 0.42  0.838 0.486 0.418 0.461]
[0.576 0.57  0.57  0.518 0.369 0.44 ]
[0.394 0.43  0.589 0.767 0.373 0.497]
[0.528 0.451 0.603 0.407 0.426 0.346]
[0.261 0.631 0.905 0.603 0.296 0.628]
[0.656 0.397 0.534 0.812 0.565 0.442]
[0.386 0.95  1.045 0.462 0.212 0.928]
[0.567 0.533 0.603 0.675 0.598 0.661]
[0.213 0.591 0.707 1.242 0.65  1.204]
[0.47  0.555 0.724 0.489 0.749 0.537]
[0.435 0.607 0.538 0.973 0.422 0.52 ]
[0.531 0.68  0.673 0.474 0.468 0.634]
[0.868 0.574 0.626 0.593 0.404 0.493]
[0.625 0.522 0.735 0.451 0.466 0.676]
[0.484 0.817 0.458 0.755 0.472 0.658]
[0.378 0.46  0.556 1.195 0.409 0.892]
[0.19  0.64  0.86  1.096 0.297 1.183]
[0.137 0.513 0.678 1.063 0.338 1.255]
[0.645 0.528 0.677 0.469 0.362 0.622]
[0.685 0.529 0.583 0.428 0.538 0.43 ]
[0.669 0.576 0.528 0.545 0.386 0.701]
[0.49  0.42  0.69  0.555 0.402 0.666]
[0.241 0.538 0.733 0.507 0.267 0.509]
[0.38  0.453 0.662 0.462 0.375 0.719]
[0.435 0.314 0.818 0.349 1.288 0.642]
[0.513 0.585 0.563 0.462 0.54  0.682]
[0.385 0.398 0.526 0.747 0.793 0.992]
[0.598 0.47  0.738 0.394 0.463 0.426]
[0.636 0.647 0.57  0.394 0.358 0.59 ]
[0.262 0.67  0.558 0.487 0.446 0.485]
[0.615 0.788 0.646 0.506 0.567 0.457]
[0.432 0.745 0.746 0.45  0.41  0.493]
[0.345 0.637 0.76  1.049 0.288 1.334]
[0.505 0.326 0.741 0.387 0.475 0.47 ]
[0.472 0.632 0.527 0.865 0.816 0.905]
[0.569 0.527 0.663 0.419 0.512 0.457]
[0.874 0.451 0.548 0.457 0.342 0.431]
[0.21  0.689 0.614 0.551 0.768 0.451]
[0.38  0.579 0.578 0.638 0.786 0.862]
[0.439 0.792 0.642 0.406 0.746 0.806]
[0.464 0.641 0.51  0.504 0.357 0.523]
[0.113 0.603 1.155 0.912 0.308 0.746]
[0.604 0.427 0.607 0.427 0.379 0.805]
[0.397 0.82  0.736 0.392 0.763 0.587]
[0.596 0.436 0.642 0.512 0.425 0.873]
[0.634 0.355 0.645 0.687 0.431 0.68 ]
[0.601 0.365 0.747 0.437 0.287 0.554]
[0.581 0.55  0.485 0.462 0.502 1.11 ]
[0.564 0.42  0.818 0.375 0.324 0.67 ]
[0.473 0.607 0.458 0.604 0.71  0.606]
[0.511 0.717 0.548 0.514 0.601 0.772]
[0.524 0.485 0.513 0.491 0.348 0.675]
[0.517 0.631 0.572 0.531 0.497 0.548]
[0.663 0.662 0.599 0.398 0.241 0.476]
[0.627 0.576 0.568 0.532 0.39  0.728]
[0.374 0.315 1.016 0.324 0.301 0.408]
[0.6   0.669 0.629 0.366 0.363 0.446]
[0.8   0.483 0.541 0.559 0.964 0.608]
[0.533 0.578 0.679 0.321 0.347 0.284]
[0.614 0.605 0.502 0.48  0.365 0.351]
[0.261 0.55  0.817 0.25  0.318 0.39 ]
[0.468 0.618 0.475 0.471 0.359 0.621]
[0.45  0.694 0.464 0.525 0.379 0.466]
[0.532 0.679 0.485 0.469 0.335 0.486]
[0.446 0.515 0.576 0.568 0.772 1.057]
[0.386 0.293 0.566 0.401 0.717 0.285]
[0.208 0.314 0.624 0.517 0.968 0.666]
[0.423 0.257 0.642 0.284 0.916 0.482]
[0.861 0.409 0.592 0.422 0.485 0.303]
[0.384 0.543 0.377 0.704 0.653 0.593]
[0.511 0.62  0.514 0.54  0.908 0.7  ]
[0.501 0.524 0.694 0.434 0.45  0.444]
[0.713 0.46  0.706 0.295 0.429 0.425]
[0.438 0.476 0.669 0.647 0.523 0.595]
[0.46  0.542 0.549 0.652 0.491 0.868]
[0.212 0.637 0.676 0.222 0.248 0.516]
[0.412 0.555 0.625 0.452 0.502 0.476]
[0.241 0.399 0.811 0.213 0.435 0.427]
[0.513 0.411 0.652 0.514 0.829 0.476]
[0.45  0.547 0.632 0.351 0.49  0.476]
[0.461 0.625 0.479 0.642 0.671 0.718]
[0.211 0.392 0.767 0.215 0.322 0.412]
[0.628 0.393 0.686 0.376 0.312 0.393]
[0.497 0.437 0.638 0.416 0.496 0.417]
[0.44  0.414 0.685 0.617 0.338 0.535]
[0.548 0.323 0.733 0.371 0.234 0.5  ]
[0.722 0.372 0.561 0.438 0.324 0.321]
[0.847 0.455 0.593 0.494 0.605 0.499]
[0.107 0.495 1.42  0.415 0.236 1.569]
[0.572 0.445 0.471 0.507 0.483 0.465]
[0.598 0.499 0.544 0.526 0.314 0.494]
[0.132 0.59  0.759 0.567 0.271 1.271]
[0.693 0.385 0.589 0.502 0.434 0.445]
[0.24  0.594 0.568 0.379 0.377 0.686]
[0.425 0.476 0.636 0.578 0.467 0.785]
[0.29  0.384 0.544 0.422 0.859 0.534]
[0.12  0.525 0.916 0.542 0.285 1.27 ]
[0.076 0.655 0.942 0.52  0.272 1.414]
[0.42  0.483 0.735 0.484 0.553 0.536]
[0.412 0.548 0.594 0.437 0.34  0.48 ]
[0.481 0.459 0.842 0.401 0.329 0.648]
[0.315 0.434 0.752 0.355 0.526 0.466]
[0.518 0.677 0.465 0.475 0.285 0.621]
[0.514 0.551 0.51  0.76  0.62  0.761]
[0.519 0.507 0.671 0.31  0.349 0.378]
[0.527 0.563 0.451 0.426 0.337 0.57 ]
[0.6   0.449 0.433 0.454 0.467 0.5  ]
[0.671 0.503 0.501 0.558 0.737 0.404]
[0.363 0.661 0.613 0.27  0.285 0.494]
[0.056 0.785 1.086 0.668 0.282 1.939]
[0.673 0.282 0.478 0.64  0.635 0.605]
[0.412 0.674 0.647 0.893 0.524 0.99 ]
[0.37  0.666 0.518 0.313 0.218 0.465]
[0.417 0.485 0.679 0.434 0.335 0.543]
[0.531 0.556 0.431 0.461 0.27  0.479]
[0.684 0.331 0.458 0.662 0.603 0.487]
[0.098 0.531 0.778 0.433 0.357 1.229]
[0.873 0.279 0.541 0.259 0.418 0.378]
[0.488 0.384 0.578 0.529 0.336 0.539]
[0.375 0.317 0.576 0.667 0.91  0.476]
[0.432 0.657 1.003 0.792 0.3   2.204]
[0.563 0.384 0.409 0.48  0.513 0.453]
[0.278 1.003 0.511 0.438 0.355 0.555]
[0.561 0.686 0.439 0.383 0.323 0.455]
[0.625 0.292 0.579 0.47  0.768 0.395]
[0.548 0.291 0.797 0.448 0.422 0.421]
[0.44  0.473 0.438 0.409 0.332 0.431]
[0.184 0.424 0.846 0.636 0.641 0.675]
[0.403 0.469 0.674 0.296 0.48  0.421]
[0.154 0.45  0.602 0.439 0.351 0.636]
[0.436 0.321 0.645 0.393 0.416 0.428]
[0.407 0.62  0.77  0.416 0.678 0.454]
[0.279 0.741 0.509 0.412 0.351 0.536]
[0.103 0.73  0.942 0.758 0.276 2.088]
[0.508 0.463 0.571 0.605 0.599 0.685]
[0.373 0.436 0.673 0.365 0.251 0.452]
[0.441 0.494 0.62  0.573 0.504 0.528]
[0.334 0.547 0.498 0.451 0.382 0.528]
[0.529 0.289 0.689 0.791 0.98  0.745]
[0.386 0.441 0.571 0.497 0.596 0.488]
[0.522 0.614 0.331 0.493 0.3   0.566]
[0.087 1.006 0.938 0.517 0.249 2.063]
[0.42  0.569 0.419 0.368 0.326 0.464]
[0.949 0.285 0.567 0.498 0.452 0.403]
[0.483 0.426 0.464 0.322 0.311 0.412]
[0.353 0.514 0.447 0.436 0.378 0.277]
[0.421 0.346 0.627 0.445 0.633 0.621]
[0.443 0.546 0.418 0.398 0.271 0.418]
[0.654 0.259 0.711 0.583 0.683 0.684]
[0.412 0.44  0.603 0.63  0.438 0.491]
[0.172 0.273 0.939 0.556 0.769 0.823]
[0.391 0.391 0.68  0.457 0.543 0.607]
[0.267 0.429 0.597 0.291 0.404 0.389]
[0.415 0.373 0.688 0.555 0.469 0.676]
[0.378 0.39  0.575 0.381 0.414 0.515]
[0.379 0.505 0.616 0.349 0.36  0.39 ]
[0.749 0.267 0.748 0.431 0.476 0.395]
[0.542 0.458 0.534 0.361 0.485 0.474]
[0.153 0.819 0.965 0.493 0.322 1.711]
[0.439 0.291 0.622 0.313 0.478 0.484]
[0.464 0.395 0.577 0.585 0.603 0.548]
[0.489 0.458 0.581 0.394 0.363 0.46 ]
[0.349 0.571 0.578 0.189 0.259 0.422]
[0.42  0.463 0.714 0.435 0.463 0.532]
[0.333 0.58  0.502 0.506 0.532 0.569]
[0.411 0.528 0.429 0.282 0.232 0.533]
[0.6   0.494 0.503 0.77  0.565 0.647]
[0.256 0.296 0.724 0.163 0.347 0.412]
[0.473 0.395 0.629 1.006 0.546 0.786]
[0.361 0.588 0.513 0.424 0.303 0.427]
[0.358 0.302 0.513 0.297 0.304 0.384]
[0.442 0.42  0.477 0.542 0.52  0.657]
[0.377 0.324 0.607 0.483 0.342 0.67 ]
[0.468 0.686 0.584 0.466 0.356 0.412]
[0.681 0.461 0.615 0.399 0.512 0.385]
[0.502 0.488 0.545 0.625 0.558 0.628]
[0.541 0.498 0.505 0.512 0.384 0.626]
[0.29  0.401 0.462 0.431 0.34  0.528]
[0.57  0.354 0.615 0.518 0.53  0.835]
[0.157 0.531 0.642 0.415 0.254 1.14 ]
[0.122 0.715 0.57  0.512 0.354 1.425]
[0.098 0.653 0.87  0.611 0.361 1.593]
[0.284 0.371 0.646 0.384 0.367 0.738]
[0.386 0.379 0.509 0.288 0.232 0.51 ]
[0.372 0.295 0.513 0.485 0.505 0.62 ]
[0.595 0.372 0.626 0.565 0.741 0.51 ]
[0.455 0.328 0.655 0.384 0.423 0.361]
[0.531 0.496 0.459 0.404 0.339 0.559]
[0.258 0.665 0.412 0.307 0.301 0.446]
[0.292 0.442 0.461 0.765 0.733 0.487]
[0.172 0.283 0.654 0.254 0.345 0.475]
[0.379 0.443 0.535 0.383 0.314 0.508]
[0.643 0.349 0.491 0.305 0.31  0.423]
[0.293 0.46  0.643 0.292 0.232 0.583]
[0.216 0.259 0.896 0.326 0.263 0.459]
[0.375 0.414 0.541 0.377 0.392 0.809]
[0.348 0.431 0.467 0.562 0.511 0.494]
[0.545 0.282 0.617 0.39  0.541 0.455]
[0.473 0.486 0.585 0.527 0.267 0.643]
[0.401 0.356 0.597 0.311 0.256 0.491]
[0.407 0.462 0.43  0.314 0.296 0.491]
[0.202 0.44  0.525 0.236 0.219 0.46 ]
[0.559 0.287 0.656 0.277 0.308 0.443]
[0.455 0.265 0.539 0.432 0.428 0.353]
[0.383 0.338 0.568 0.38  0.315 0.439]
[0.408 0.444 0.56  0.285 0.401 0.395]
[0.682 0.683 0.408 0.556 0.579 0.51 ]
[0.185 0.667 1.339 0.584 0.242 2.389]
[0.305 0.524 0.618 0.532 0.572 0.476]
[0.348 0.238 0.662 0.283 0.396 0.429]
[0.42  0.352 0.336 0.235 0.222 0.346]
[0.484 0.374 0.65  0.455 0.314 0.717]
[0.27  0.367 0.629 0.205 0.314 0.401]
[0.264 0.528 0.579 0.323 0.292 0.409]
[0.377 0.487 0.636 0.426 0.322 0.659]
[0.432 0.539 0.537 0.401 0.41  0.509]
[0.394 0.354 0.58  0.485 0.385 0.631]
[0.427 0.506 0.465 0.435 0.267 0.65 ]
[0.315 0.452 0.721 0.297 0.289 0.498]
[0.674 0.419 0.492 0.287 0.31  0.454]
[0.496 0.259 0.568 0.222 0.278 0.489]
[0.744 0.332 0.485 0.435 0.387 0.512]
[0.377 0.364 0.587 0.273 0.339 0.337]
[0.424 0.287 0.443 0.229 0.319 0.447]
[0.635 0.37  0.609 0.712 0.576 0.745]
[0.116 0.697 0.661 0.424 0.359 1.544]
[0.241 0.367 0.735 0.431 0.577 0.411]
[0.458 0.41  0.62  0.429 0.397 0.795]
[0.497 0.424 0.597 0.511 0.488 0.479]
[0.476 0.298 0.717 0.365 0.326 0.438]
[0.399 0.451 0.667 0.371 0.271 0.492]
[0.376 0.46  0.557 0.391 0.288 0.465]
[0.279 0.7   0.435 0.277 0.311 0.42 ]
[0.372 0.565 0.514 0.345 0.288 0.785]
[0.544 0.332 0.763 0.492 0.437 0.445]
[0.242 0.624 0.549 0.407 0.277 0.33 ]
[0.467 0.416 0.558 0.264 0.243 0.689]
[0.468 0.371 0.429 0.307 0.39  0.484]
[0.476 0.246 0.633 0.22  0.289 0.502]
[0.577 0.321 0.811 0.627 0.682 0.431]
[0.462 0.359 0.67  0.424 0.612 0.462]
[0.457 0.38  0.668 0.482 0.339 0.62 ]
[0.074 0.923 0.778 0.364 0.191 1.504]
[0.522 0.263 1.001 0.618 0.728 0.415]
[0.376 0.297 0.414 0.227 0.347 0.49 ]
[0.458 0.289 0.736 0.426 0.515 0.429]
[0.453 0.362 0.538 0.38  0.329 0.51 ]
[0.602 0.348 0.686 0.591 0.478 0.714]
[0.414 0.347 0.409 0.301 0.42  0.322]
[0.362 0.55  0.435 0.23  0.221 0.613]
[0.363 0.383 0.412 0.404 0.515 0.594]
[0.64  0.391 0.664 0.43  0.38  0.531]
[0.378 0.239 0.516 0.21  0.219 0.422]
[0.319 0.54  0.528 0.283 0.189 0.53 ]
[0.133 0.843 0.498 0.375 0.362 1.075]
[0.235 0.536 0.434 0.25  0.173 0.308]
[0.278 0.183 0.637 0.225 0.401 0.455]
[0.623 0.396 0.635 0.562 0.387 0.593]
[0.337 0.359 0.775 0.235 0.295 0.382]
[0.434 0.254 0.535 0.289 0.328 0.459]
[0.428 0.447 0.442 0.441 0.419 0.724]
[0.196 0.468 0.465 0.363 0.428 0.434]
[0.508 0.462 0.435 0.417 0.338 0.275]
[0.402 0.428 0.457 0.72  0.746 0.441]
[0.474 0.352 0.677 0.597 0.405 0.737]
[0.298 0.411 0.444 0.379 0.296 0.617]
[0.272 0.554 0.369 0.444 0.316 0.732]
[0.368 0.391 0.765 0.35  0.337 0.516]
[0.386 0.402 0.723 0.535 0.541 0.498]
[0.392 0.321 0.522 0.445 0.3   0.656]
[0.321 0.461 0.798 0.418 0.28  0.47 ]
[0.498 0.348 0.483 0.442 0.417 0.431]
[0.215 0.396 0.78  0.585 0.491 0.432]
[0.422 0.316 0.417 0.321 0.449 0.74 ]
[0.216 0.525 0.706 0.302 0.358 0.226]
[0.213 0.381 0.742 0.888 1.18  0.368]
[0.457 0.358 0.569 0.488 0.271 0.632]
[0.193 0.302 0.423 0.229 0.262 0.35 ]
[0.378 0.434 0.539 0.454 0.291 0.493]
[0.244 0.301 0.337 0.188 0.243 0.746]
[0.236 0.469 0.313 0.219 0.209 0.645]
[0.309 0.471 0.409 0.613 0.568 0.553]
[0.772 0.327 1.083 0.51  0.396 0.343]
[0.236 0.429 0.461 0.256 0.182 0.728]
[0.289 0.239 0.857 0.474 0.36  0.566]
[0.457 0.318 0.45  0.311 0.351 0.374]
[0.339 0.465 0.437 0.237 0.38  0.504]
[0.302 0.469 0.639 0.438 0.305 0.376]
[0.07  0.742 0.864 0.454 0.346 0.993]
[0.407 0.232 0.593 0.282 0.225 0.318]
[0.314 0.392 0.666 0.369 0.201 0.612]
[0.294 0.491 0.637 0.435 0.259 0.232]
[0.454 0.408 0.686 0.503 0.482 0.187]
[0.693 0.372 0.889 0.439 0.497 0.323]
[0.322 0.399 0.637 0.386 0.304 0.608]
[0.19  0.586 0.474 0.422 0.225 0.312]
[0.1   0.831 0.907 0.418 0.31  1.664]
[0.274 0.273 0.419 0.23  0.236 0.786]
[0.51  0.329 0.591 0.254 0.415 0.755]
[0.532 0.466 0.672 0.296 0.439 0.639]
[0.203 0.404 0.781 0.412 0.469 0.851]
[0.11  0.603 1.098 0.374 0.405 0.893]
[0.297 0.353 0.485 0.375 0.376 0.21 ]
[0.229 0.726 0.436 0.711 0.804 0.411]
[0.672 0.287 0.763 0.431 0.596 0.678]
[0.463 0.356 0.348 0.281 0.339 0.371]
[0.414 0.243 0.631 0.424 0.345 0.28 ]
[0.603 0.343 0.678 0.574 0.386 0.431]
[0.61  0.25  0.506 0.228 0.332 0.615]
[0.256 0.315 0.474 0.43  0.196 0.427]
[0.448 0.464 0.391 0.689 0.53  0.652]
[0.641 0.348 0.561 0.377 0.462 0.877]
[0.663 0.31  0.67  0.466 0.427 0.642]
[0.459 0.336 0.661 0.313 0.431 0.514]
[0.235 0.24  0.457 0.267 0.297 0.276]
[0.318 0.353 0.645 0.606 1.033 0.307]
[0.209 0.43  0.517 0.866 0.94  0.408]
[0.216 0.368 0.592 0.713 0.417 0.271]
[0.202 0.488 0.492 0.56  0.547 0.322]
[0.48  0.334 0.423 0.26  0.347 0.38 ]
[0.357 0.309 0.576 0.482 0.286 0.505]
[0.128 0.515 0.704 0.326 0.453 0.681]
[0.47  0.44  0.439 0.25  0.363 0.419]
[0.437 0.229 0.685 0.52  0.417 0.732]
[0.331 0.466 0.657 0.369 0.407 0.198]
[0.288 0.303 0.624 0.358 0.368 0.456]
[0.427 0.378 0.748 0.53  0.805 0.377]
[0.577 0.354 0.663 0.5   0.547 0.214]
[0.237 0.381 0.788 0.439 0.303 0.208]
[0.555 0.294 1.052 0.388 0.285 0.456]
[0.534 0.455 0.622 0.382 0.368 0.732]
[0.46  0.485 0.472 0.453 0.573 0.317]
[0.258 0.427 0.417 0.241 0.228 0.414]
[0.12  0.79  0.667 0.323 0.471 0.782]
[0.567 0.285 0.795 0.5   0.407 0.655]
[0.211 0.326 0.708 0.65  0.325 0.644]
[0.267 0.273 0.86  0.466 0.245 0.431]
[0.425 0.437 0.477 0.335 0.495 0.405]
[0.315 0.274 0.9   0.611 0.485 0.299]
[0.533 0.363 0.55  0.313 0.362 0.501]
[0.168 0.486 0.568 0.263 0.53  0.433]
[0.504 0.281 0.664 0.771 0.457 0.607]
[0.203 0.33  0.681 0.448 0.242 0.324]
[0.434 0.328 0.547 0.958 0.974 0.411]
[0.168 0.214 0.532 0.308 0.31  0.608]
[0.117 0.681 0.861 0.281 0.52  0.977]
[0.457 0.338 0.812 0.336 0.424 0.265]
[0.336 0.422 0.382 0.257 0.283 0.237]
[0.446 0.488 0.648 0.214 0.43  0.506]
[0.223 0.414 0.728 0.232 0.194 0.296]
[0.062 0.731 0.549 0.344 0.288 1.159]
[0.243 0.379 0.853 0.535 0.625 0.409]
[0.343 0.437 0.424 0.737 0.411 0.482]
[0.493 0.416 0.618 0.242 0.317 0.411]
[0.377 0.436 0.528 0.307 0.435 0.298]
[0.258 0.322 0.49  0.174 0.235 0.454]
[0.382 0.311 0.539 0.21  0.358 0.412]
[0.447 0.732 0.413 0.198 0.284 0.443]
[0.674 0.371 0.489 0.515 0.653 0.578]
[0.339 0.488 0.518 0.272 0.267 0.41 ]
[0.354 0.272 0.964 0.394 0.307 0.52 ]
[0.711 0.305 0.726 0.372 0.483 0.392]
[0.404 0.44  0.397 0.249 0.273 0.371]
[0.147 0.265 0.536 0.276 0.343 0.411]
[0.4   0.383 0.907 0.612 0.567 0.418]
[0.375 0.376 0.432 0.276 0.332 0.306]
[0.187 0.448 0.428 0.289 0.223 0.373]
[0.672 0.345 0.744 0.269 0.43  0.645]
[0.629 0.254 0.798 0.289 0.396 0.477]
[0.779 0.374 1.76  0.43  0.326 0.446]
[0.447 0.323 0.643 0.227 0.416 0.435]
[0.366 0.237 0.722 0.426 0.502 0.538]
[0.366 0.298 0.813 0.385 0.291 0.605]
[0.597 0.381 0.493 0.359 0.333 0.394]
[0.575 0.469 0.859 0.414 0.348 0.443]
[0.416 0.456 0.516 0.435 0.312 0.219]
[0.283 0.356 0.764 0.313 0.197 0.49 ]
[0.271 0.235 0.588 0.44  0.246 0.432]
[0.048 0.638 0.934 0.809 0.418 0.77 ]
[0.672 0.343 0.79  0.432 0.387 0.361]
[0.532 0.303 0.832 0.626 0.366 0.497]
[0.566 0.289 0.622 0.373 0.406 0.473]
[0.163 0.925 0.532 0.532 0.668 0.663]
[0.614 0.389 0.727 0.339 0.335 0.209]
[0.266 0.277 0.905 0.393 0.192 0.517]
[0.32  0.407 0.472 0.241 0.264 0.519]
[0.205 0.304 0.651 0.198 0.167 0.458]
[0.429 0.418 0.447 0.26  0.347 0.187]
[0.289 0.295 0.447 0.183 0.295 0.506]
[0.158 0.381 0.379 0.395 0.439 0.345]
[0.07  0.937 0.679 0.396 0.227 1.222]
[0.809 0.475 0.395 0.352 0.432 0.488]
[0.416 0.214 0.555 0.356 0.238 0.499]
[1.184 0.457 0.702 0.538 0.719 0.774]
[0.687 0.313 0.618 0.41  0.447 0.56 ]
[0.536 0.545 0.604 0.52  0.393 0.325]
[0.105 0.389 0.352 0.463 0.474 0.418]
[0.579 0.327 0.678 0.273 0.35  0.34 ]
[0.411 0.231 0.707 0.509 0.288 0.425]
[0.22  0.251 0.454 0.208 0.214 0.395]
[0.64  0.446 0.773 0.33  0.455 0.413]
[0.115 0.309 0.313 0.61  0.505 0.41 ]
[0.397 0.311 0.455 0.218 0.331 0.482]
[0.217 0.171 0.489 0.268 0.191 0.517]
[0.162 0.573 0.502 0.611 0.454 0.854]
[0.268 0.255 0.845 0.673 0.287 0.45 ]
[0.414 0.299 0.616 0.267 0.264 0.33 ]
[0.194 0.289 0.663 0.466 0.177 0.205]
[0.331 0.416 0.492 0.62  0.436 0.406]
[0.43  0.383 1.041 0.393 0.636 0.218]
[0.679 0.236 1.062 0.619 0.575 0.261]
[0.574 0.303 0.903 0.512 0.492 0.596]
[0.237 0.306 0.495 0.289 0.169 0.741]
[0.164 0.173 0.649 0.323 0.132 0.482]
[0.83  0.275 0.672 0.449 0.611 0.296]
[0.566 0.373 0.904 0.576 0.416 0.462]
[0.44  0.521 0.446 0.269 0.238 0.358]
[0.296 1.098 0.55  0.36  0.36  0.789]
[0.782 0.417 0.785 0.327 0.343 0.482]
[0.208 0.47  0.495 0.268 0.177 0.475]
[0.279 0.39  0.603 0.196 0.264 0.326]
[0.343 0.373 0.452 0.6   0.326 0.276]
[0.34  0.536 0.702 0.617 0.378 0.187]
[0.433 0.344 0.712 0.305 0.317 0.231]
[0.123 0.785 0.784 0.506 0.545 1.072]
[0.265 0.67  0.447 0.233 0.276 0.36 ]
[0.364 0.403 0.433 0.262 0.201 0.293]
[0.473 0.306 0.408 0.525 0.482 0.435]
[0.336 0.466 0.421 0.467 0.594 0.307]
[0.161 0.193 0.727 0.212 0.18  0.417]
[0.156 0.258 0.323 0.28  0.17  0.641]
[0.416 0.412 0.546 0.446 0.432 0.251]
[0.376 0.357 0.375 0.623 0.623 0.5  ]
[0.16  0.207 0.8   0.255 0.171 0.327]
[0.226 0.217 0.442 0.386 0.252 0.512]
[0.162 0.313 0.484 0.225 0.191 0.583]
[0.266 0.361 0.497 0.388 0.327 0.35 ]
[1.002 0.413 0.843 0.438 0.575 0.422]
[0.233 0.196 0.831 0.638 0.346 0.41 ]
[0.561 0.395 0.598 0.259 0.365 0.352]
[0.354 0.296 0.629 0.244 0.26  0.366]
[0.324 0.245 0.59  0.299 0.359 0.415]
[0.234 0.338 0.457 0.191 0.209 0.409]
[0.267 0.238 0.685 0.597 0.245 0.413]
[0.368 0.308 0.302 0.259 0.303 0.525]
[0.866 0.363 0.606 0.425 0.573 0.608]
[0.386 0.335 0.683 0.317 0.248 0.436]
[0.201 0.329 0.567 0.481 0.177 0.493]
[0.496 0.415 0.484 0.269 0.311 0.252]
[0.375 0.33  0.657 0.347 0.582 0.299]
[0.395 0.358 0.479 0.527 0.521 0.391]
[0.151 0.413 0.287 0.35  0.328 0.546]
[0.358 0.259 0.682 0.434 0.322 0.502]
[0.198 0.201 0.836 0.44  0.197 0.398]
[0.559 0.373 0.561 0.535 0.472 0.508]
[0.427 0.323 0.614 0.281 0.289 0.29 ]
[0.496 0.281 0.582 0.283 0.374 0.508]
[0.241 0.212 0.701 0.481 0.269 0.301]
[0.799 0.361 0.487 0.567 0.546 0.481]
[0.881 0.333 0.494 0.414 0.324 0.636]
[0.248 0.263 0.407 0.382 0.245 0.314]
[0.422 0.408 0.517 0.266 0.337 0.402]
[0.328 0.247 0.765 0.697 0.413 0.414]
[0.158 0.51  0.468 0.535 0.559 1.104]
[0.578 0.398 0.946 0.461 0.376 0.35 ]
[0.433 0.383 0.266 0.193 0.215 0.375]
[0.263 0.344 0.535 0.214 0.275 0.463]
[0.458 0.368 0.789 0.387 0.692 0.329]
[0.52  0.251 0.604 0.368 0.267 0.289]
[0.325 1.036 2.588 0.621 0.392 1.613]
[0.333 0.385 0.519 0.26  0.44  0.308]
[0.083 0.763 0.431 0.414 0.478 0.641]
[0.222 0.461 0.513 0.218 0.252 0.35 ]
[0.295 0.314 0.551 0.344 0.506 0.312]
[0.529 0.365 0.573 0.299 0.398 0.286]
[0.29  0.379 0.406 0.158 0.153 0.302]
[0.272 0.388 0.992 0.535 0.672 0.618]
[0.497 0.53  0.459 0.234 0.379 0.341]
[0.224 0.36  0.562 0.158 0.403 0.439]
[0.374 0.255 0.511 0.501 0.31  0.36 ]
[0.322 0.294 0.852 0.467 0.312 0.41 ]
[0.203 0.247 0.623 0.357 0.343 0.379]
[0.326 0.31  0.66  0.394 0.26  0.598]
[0.366 0.179 0.525 0.488 0.318 0.476]
[0.531 0.275 0.603 0.503 0.368 0.276]
[0.493 0.66  0.957 0.476 0.534 0.394]
[0.223 0.254 0.351 0.34  0.171 0.516]
[0.535 0.273 0.529 0.357 0.607 0.307]
[0.301 0.228 0.434 0.252 0.303 0.501]
[0.673 0.536 0.821 0.627 0.457 0.424]
[0.494 0.342 0.649 0.414 0.369 0.245]
[0.192 0.395 0.52  0.463 0.182 0.418]
[0.36  0.406 0.673 0.602 0.326 0.347]
[0.307 0.146 0.411 0.293 0.457 0.72 ]
[0.353 0.476 0.854 0.233 0.258 0.488]
[0.175 0.34  0.469 0.175 0.19  0.421]
[0.294 0.25  0.476 0.381 0.297 0.395]
[0.236 0.434 0.891 0.244 0.216 0.475]
[0.381 0.329 0.789 0.541 0.32  0.279]
[0.346 0.341 0.52  0.759 0.77  0.359]
[0.543 0.228 0.326 0.286 0.478 0.374]
[0.286 0.194 0.786 0.385 0.232 0.205]
[0.203 0.221 0.459 0.342 0.155 0.407]
[0.137 0.753 1.05  0.691 0.594 1.067]
[0.259 0.231 0.394 0.359 0.202 0.292]
[0.324 0.628 1.143 0.26  0.258 0.397]
[0.351 0.261 0.557 0.641 0.293 0.313]
[0.097 0.668 0.589 0.353 0.367 0.891]
[0.285 0.47  0.56  0.269 0.266 0.179]
[0.341 0.325 0.537 0.474 0.477 0.208]
[0.229 0.217 0.666 0.268 0.261 0.46 ]
[0.203 0.152 0.617 0.315 0.244 0.599]
[0.233 0.679 0.733 0.212 0.281 0.279]
[0.132 0.288 0.384 0.244 0.171 0.428]
[0.247 0.297 0.447 0.372 0.165 0.364]
[0.429 0.23  0.424 0.634 0.341 0.245]
[0.966 0.365 0.634 0.748 0.572 0.469]
[0.384 0.324 0.706 0.49  0.345 0.457]
[0.398 0.449 0.889 0.483 0.385 0.588]
[0.416 0.329 1.441 0.225 0.367 0.366]
[0.328 0.197 0.55  0.807 0.284 0.371]
[0.481 0.392 0.655 0.57  0.342 0.32 ]
[0.31  0.258 0.63  0.353 0.247 0.385]
[0.094 0.48  0.556 0.361 0.534 0.391]
[0.411 0.384 0.698 0.333 0.474 0.249]
[0.267 0.26  0.434 0.365 0.328 0.33 ]
[0.229 0.489 0.431 0.404 0.246 0.387]
[0.331 0.429 0.584 0.437 0.538 0.317]
[0.385 0.32  0.539 0.461 0.395 0.4  ]
[0.228 0.414 0.265 0.495 0.346 0.686]
[0.249 0.174 0.441 0.272 0.282 0.417]
[0.136 0.508 0.555 0.694 0.571 0.898]
[0.122 0.952 0.647 0.325 0.446 0.92 ]
[0.109 0.653 0.465 0.334 0.44  0.689]
[0.609 0.317 0.514 0.822 0.506 0.427]
[0.27  0.285 0.789 0.539 0.209 0.313]
[0.493 0.528 0.648 0.282 0.266 0.401]
[0.224 0.245 0.407 0.261 0.259 0.384]
[0.107 0.542 0.796 0.306 0.596 0.864]
[0.232 0.257 0.568 0.337 0.24  0.407]
[0.22  0.348 0.529 0.316 0.207 0.305]
[0.562 0.995 0.557 0.503 0.627 0.814]
[0.128 0.67  1.039 0.703 0.519 0.739]
[0.38  0.406 0.632 0.545 0.474 0.359]
[0.4   0.491 0.522 0.126 0.272 0.335]
[0.174 0.417 0.418 0.155 0.145 0.446]
[0.239 0.369 0.527 0.277 0.211 0.351]
[0.215 0.33  0.621 0.313 0.291 0.315]
[0.226 0.288 0.412 0.259 0.189 0.229]
[0.236 0.249 0.433 0.173 0.229 0.523]
[0.266 0.243 0.455 0.382 0.177 0.4  ]
[0.132 0.452 0.583 0.297 0.79  1.293]
[0.285 0.281 0.507 0.245 0.269 0.323]
[0.33  0.432 0.467 0.486 0.526 0.479]
[0.524 0.522 1.024 0.444 0.241 0.272]
[0.28  0.429 0.694 0.419 0.322 0.386]
[0.245 0.316 0.807 0.189 0.37  0.571]
[0.152 0.451 0.643 0.514 0.507 0.655]
[0.317 0.205 0.433 0.349 0.367 0.453]
[0.33  0.236 0.702 0.216 0.319 0.491]
[0.461 0.279 0.629 0.398 0.377 0.449]
[0.293 0.298 0.718 0.384 0.299 0.32 ]
[0.247 0.31  0.536 0.352 0.182 0.258]
[0.315 0.208 0.393 0.399 0.421 0.366]
[0.198 0.487 0.41  0.205 0.222 0.201]
[0.361 0.141 0.246 0.275 0.452 0.448]
[0.318 0.197 0.737 0.288 0.387 0.386]
[0.221 0.848 0.994 0.454 0.502 1.198]
[0.261 0.254 0.502 0.198 0.247 0.269]
[0.337 0.397 0.501 0.434 0.823 0.406]
[0.703 0.362 0.836 0.312 0.4   0.279]
[0.255 0.274 0.651 0.311 0.251 0.413]
[0.355 0.29  0.394 0.191 0.294 0.418]
[0.267 0.53  0.668 0.243 0.433 0.486]
[0.304 0.339 0.582 0.238 0.418 0.292]
[0.243 0.258 0.323 0.367 0.352 0.342]
[1.071 0.514 0.816 0.44  0.441 0.44 ]
[0.379 0.362 0.564 0.594 0.322 0.361]
[0.194 0.346 0.407 0.285 0.526 0.338]
[0.466 0.351 0.675 0.434 0.271 0.307]
[0.216 0.342 0.507 0.269 0.232 0.177]
[0.39  0.42  0.57  0.208 0.218 0.266]
[0.427 0.185 0.285 0.261 0.244 0.303]
[0.878 0.534 0.656 0.546 0.578 0.35 ]
[0.246 0.23  0.668 0.456 0.265 0.524]
[0.253 0.247 0.365 0.439 0.393 0.408]
[0.26  0.262 0.809 0.225 0.209 0.818]
[0.565 0.303 0.451 0.217 0.374 0.388]
[0.47  0.256 0.703 0.283 0.603 0.336]
[0.383 0.43  0.286 0.306 0.343 0.245]
[0.151 0.784 0.465 0.262 0.674 0.778]
[0.145 0.304 0.469 0.241 0.358 0.396]
[0.375 0.264 0.293 0.292 0.265 0.429]
[0.25  0.221 0.421 0.307 0.284 0.264]
[0.395 0.385 0.611 0.341 0.688 0.28 ]
[0.158 0.69  0.38  0.261 0.494 0.852]
[0.354 0.383 1.192 0.351 0.76  2.094]
[0.904 0.398 0.734 0.387 0.465 0.27 ]
[0.484 0.282 1.124 0.359 0.279 0.583]
[0.307 0.387 0.387 0.234 0.243 0.208]
[0.642 0.448 0.662 0.336 0.423 0.32 ]
[0.278 0.383 0.925 0.542 0.763 0.492]
[0.173 0.408 0.861 0.3   0.563 0.408]
[0.226 0.215 0.433 0.182 0.255 0.406]
[0.363 0.367 0.345 0.292 0.183 0.374]
[0.33  0.292 0.627 0.176 0.216 0.471]
[0.31  0.436 0.885 0.278 0.302 0.346]
[0.639 0.345 0.609 0.342 0.445 0.468]
[0.245 0.442 0.506 0.328 0.251 0.397]
[0.189 0.29  0.416 0.304 0.147 0.428]
[0.304 0.312 0.615 0.416 0.339 0.396]
[0.346 0.428 0.537 0.16  0.348 0.209]
[0.167 0.319 0.515 0.308 0.717 0.283]
[0.221 0.207 0.68  0.274 0.345 0.389]
[0.251 0.352 0.612 0.152 0.26  0.41 ]
[0.509 0.558 0.672 0.345 0.41  0.455]
[0.46  0.28  0.42  0.2   0.273 0.231]
[0.165 0.265 0.59  0.33  0.175 0.325]
[0.553 0.563 0.754 0.416 0.188 0.271]
[0.178 0.264 0.614 0.254 0.171 0.491]
[0.181 0.744 0.395 0.368 1.041 0.856]
[0.439 0.208 0.457 0.317 0.381 0.262]
[0.63  0.472 0.928 0.364 0.451 0.238]
[0.288 0.243 0.421 0.343 0.479 0.367]
[0.161 0.233 0.681 0.263 0.181 0.35 ]
[0.187 0.295 0.456 0.181 0.169 0.229]
[0.154 0.836 0.369 0.425 0.682 0.647]
[0.349 0.34  0.757 0.311 0.222 0.261]
[0.352 0.232 0.601 0.17  0.442 0.435]
[0.248 0.931 0.638 0.664 0.565 0.877]
[0.166 0.525 0.319 0.638 1.16  0.531]
[0.243 0.152 0.444 0.216 0.372 0.267]
[0.219 0.403 0.576 0.356 0.315 0.433]
[1.273 0.328 0.443 0.556 0.415 0.395]
[0.246 0.357 0.53  0.321 0.244 0.39 ]
[0.095 1.036 0.672 0.413 0.849 0.817]
[0.18  0.644 0.525 0.526 0.42  0.887]
[0.244 0.301 0.512 0.206 0.308 0.436]
[0.364 0.174 0.414 0.256 0.47  0.407]
[0.365 0.955 0.837 0.613 0.561 0.723]
[0.161 0.714 0.458 0.325 0.34  1.185]
[0.653 0.462 0.677 0.309 0.474 0.26 ]
[0.686 0.322 0.564 0.454 0.494 0.311]
[0.519 0.607 0.605 0.23  0.276 0.389]
[0.411 0.396 0.574 0.288 0.39  0.543]
[0.2   0.326 0.545 0.287 0.19  0.45 ]
[1.324 0.281 0.999 0.574 0.961 0.266]
[0.34  0.121 0.322 0.348 0.505 0.378]
[0.468 0.446 0.692 0.308 0.396 0.404]
[0.211 0.231 0.292 0.183 0.267 0.321]
[0.239 0.322 0.431 0.322 0.358 0.383]
[0.33  0.339 0.604 0.288 0.552 0.359]
[0.55  0.474 0.587 0.318 0.42  0.336]
[0.856 0.431 0.68  0.438 0.404 0.499]
[0.26  0.338 0.669 0.494 0.255 0.63 ]
[0.289 0.424 0.426 0.15  0.255 0.329]
[0.206 0.326 0.658 0.299 0.176 0.416]
[0.273 0.482 0.498 0.242 0.306 0.305]
[0.289 0.265 0.626 0.372 0.347 0.434]
[0.208 0.367 0.68  0.288 0.21  0.611]
[0.57  0.301 0.65  0.426 0.316 0.301]
[0.42  0.355 0.591 0.243 0.36  0.223]
[0.289 0.346 0.59  0.279 0.421 0.488]
[0.238 0.618 0.561 0.184 0.296 0.521]
[0.19  0.342 0.603 0.214 0.245 0.541]
[0.258 0.271 0.634 0.215 0.228 0.353]
[0.316 0.138 0.444 0.246 0.383 0.486]
[0.298 0.242 0.659 0.256 0.322 0.338]
[0.499 0.543 0.477 0.255 0.397 0.287]
[0.666 0.327 0.377 0.351 0.254 0.308]
[0.4   0.283 0.585 0.244 0.292 0.301]
[0.348 0.259 0.392 0.221 0.342 0.356]
[0.256 0.425 0.512 0.302 0.135 0.717]
[0.216 0.341 0.838 0.274 0.247 0.42 ]
[0.406 0.338 0.471 0.522 0.3   0.401]
[0.262 0.29  0.385 0.249 0.456 0.304]
[0.208 0.341 0.577 0.185 0.21  0.271]
[0.318 0.759 0.489 0.431 0.305 0.676]
[0.182 0.391 0.412 0.164 0.221 0.34 ]
[0.451 0.588 0.992 0.391 0.273 0.491]
[0.182 0.36  0.406 0.219 0.333 0.538]
[0.307 0.508 0.793 0.269 0.224 0.425]
[0.527 0.4   0.642 0.411 0.508 0.325]
[0.413 0.292 0.635 0.183 0.428 0.24 ]
[0.084 0.962 0.445 0.332 0.328 1.282]
[0.529 0.204 0.562 1.015 0.404 0.6  ]
[0.187 0.236 0.582 0.201 0.629 0.237]
[0.368 0.378 0.462 0.294 0.578 0.498]
[0.236 0.327 0.499 0.272 0.26  0.494]
[0.184 0.209 0.7   0.316 0.225 0.303]
[0.595 0.304 0.369 0.318 0.314 0.247]
[0.32  0.142 0.194 0.335 0.685 0.236]
[0.131 0.21  0.325 0.183 0.336 0.456]
[0.491 0.408 0.431 0.273 0.331 0.302]
[0.265 0.368 0.445 0.273 0.22  0.43 ]
[0.186 0.268 0.266 0.176 0.201 0.358]
[0.457 0.415 0.565 0.533 0.158 0.39 ]
[0.134 0.326 0.623 0.181 0.226 0.694]
[0.217 0.307 0.618 0.25  0.329 0.466]
[0.408 0.281 0.644 0.482 0.421 0.287]
[0.317 0.408 0.704 0.392 0.207 0.496]
[0.198 0.271 0.631 0.26  0.244 0.393]
[0.231 0.231 0.271 0.183 0.205 0.201]
