[1. 1. 1.]
[0.99  0.967 0.981]
[1.024 1.127 1.214]
[0.963 0.993 0.952]
[0.975 0.947 0.937]
[0.942 0.93  1.066]
[0.893 0.855 0.997]
[0.979 0.932 0.978]
[0.95  0.969 0.921]
[0.835 0.9   0.986]
[0.932 0.924 0.984]
[0.903 0.921 0.994]
[0.866 0.911 0.96 ]
[0.919 0.937 0.982]
[0.869 1.098 1.   ]
[0.888 1.169 0.873]
[0.948 0.923 0.968]
[0.883 0.871 0.961]
[0.898 1.023 0.732]
[0.571 0.897 0.913]
[0.835 1.03  1.126]
[0.827 0.968 1.051]
[0.783 0.903 1.022]
[0.906 0.879 1.022]
[0.861 0.987 1.001]
[0.877 0.903 0.996]
[0.908 0.891 0.936]
[0.854 0.94  1.091]
[0.898 0.896 0.862]
[1.432 0.792 0.691]
[0.852 0.767 0.921]
[0.764 0.903 0.998]
[0.79  0.904 0.785]
[0.777 0.96  1.033]
[0.763 0.794 0.963]
[0.904 0.882 0.852]
[0.886 1.091 0.825]
[0.695 0.856 1.103]
[0.804 0.788 1.008]
[0.836 0.97  1.218]
[0.774 0.847 1.016]
[1.244 0.781 0.614]
[1.152 1.087 0.527]
[0.785 0.677 0.922]
[0.888 0.8   0.902]
[1.133 0.81  0.833]
[0.866 0.818 0.889]
[0.734 0.775 0.871]
[0.799 0.842 0.921]
[1.036 1.378 0.887]
[0.746 0.836 1.089]
[0.652 1.048 1.202]
[0.763 1.018 0.948]
[0.871 0.984 0.993]
[0.733 0.553 0.738]
[0.778 0.8   0.838]
[0.908 0.815 0.957]
[0.812 1.014 0.701]
[0.768 0.91  0.94 ]
[0.845 0.798 0.936]
[0.838 1.015 0.906]
[0.779 0.809 0.761]
[0.923 0.804 1.07 ]
[0.877 0.684 1.317]
[0.612 0.851 0.955]
[0.623 0.741 1.013]
[0.658 0.776 0.752]
[0.639 0.676 0.903]
[0.806 1.044 0.454]
[0.594 1.107 1.052]
[0.593 1.152 0.957]
[1.004 0.92  0.928]
[1.082 0.884 1.025]
[0.894 0.914 0.757]
[0.952 0.864 0.902]
[0.692 1.002 1.208]
[0.727 0.586 1.2  ]
[0.91  1.174 0.681]
[1.103 1.03  0.756]
[0.869 0.692 0.492]
[0.654 0.872 0.454]
[0.647 0.67  0.83 ]
[0.715 0.642 0.633]
[0.832 0.53  0.428]
[0.732 2.022 1.06 ]
[0.692 1.689 1.288]
[0.734 0.758 0.681]
[0.658 0.763 0.737]
[0.668 0.801 0.8  ]
[0.794 1.042 0.961]
[0.99  0.905 1.   ]
[0.395 0.649 0.976]
[0.932 0.928 0.848]
[0.538 0.555 1.219]
[0.478 0.551 1.109]
[0.698 0.807 0.299]
[0.587 0.721 0.724]
[0.572 0.868 0.715]
[1.168 0.884 1.273]
[0.816 0.787 0.992]
[0.705 0.602 0.467]
[0.653 0.532 0.773]
[0.488 0.733 1.222]
[0.789 1.187 1.493]
[0.528 0.711 0.729]
[0.54  0.544 0.996]
[0.752 0.776 0.214]
[1.009 0.866 1.111]
[0.592 0.976 0.584]
[0.655 1.262 0.976]
[0.693 0.621 1.493]
[1.196 0.713 1.565]
[0.714 0.711 0.739]
[0.689 0.795 0.738]
[0.706 0.558 3.961]
[0.759 0.596 0.845]
[0.685 0.456 0.44 ]
[0.88  1.094 0.888]
[0.413 0.475 1.085]
[0.649 1.298 1.843]
[0.844 0.765 1.004]
[1.152 0.853 1.181]
[1.111 0.639 1.213]
[0.74  0.908 0.727]
[0.513 0.993 0.72 ]
[0.378 0.455 0.28 ]
[0.402 0.339 1.075]
[0.639 0.665 0.72 ]
[0.475 1.164 1.338]
[0.552 0.674 0.67 ]
[0.406 1.506 1.73 ]
[0.878 0.883 0.833]
[0.509 0.557 0.505]
[0.4   1.149 0.618]
[0.896 1.011 0.915]
[0.341 0.357 1.546]
[1.553 0.963 1.766]
[0.245 0.323 1.395]
[0.461 0.735 0.403]
[0.391 0.693 2.1  ]
[0.425 0.62  4.664]
[0.33  0.487 5.052]
[0.621 0.429 0.516]
[0.407 0.396 0.344]
[0.681 0.599 0.406]
[0.501 0.477 0.888]
[0.424 0.548 2.171]
[0.705 0.529 0.491]
[0.654 0.545 0.433]
[0.484 0.427 0.315]
[0.22  0.343 1.113]
[0.355 0.392 0.185]
[0.576 0.935 0.638]
[0.626 0.766 2.535]
[0.39  0.457 5.537]
[0.476 0.555 0.244]
[0.271 0.354 1.178]
[0.242 0.35  0.89 ]
[0.333 0.372 5.803]
[0.667 0.761 0.349]
[0.451 0.655 0.588]
[0.236 0.368 0.209]
[0.366 0.541 0.147]
[0.696 0.662 0.75 ]
[0.451 0.381 3.716]
[0.667 0.725 0.436]
[0.174 0.192 1.142]
[0.433 0.595 0.269]
[0.588 0.534 3.487]
[0.566 0.369 5.574]
[0.217 0.399 0.269]
[0.463 0.532 0.432]
[0.545 0.682 0.368]
[0.198 0.253 1.06 ]
[0.394 0.444 2.105]
[0.641 0.68  0.624]
[0.416 0.487 0.279]
[0.66  0.6   0.361]
[0.502 0.42  4.306]
[0.257 0.337 1.053]
[0.441 0.542 0.439]
[0.449 0.697 0.308]
[0.342 0.438 0.72 ]
[0.557 0.362 2.959]
[0.417 0.377 0.21 ]
[0.616 0.528 0.276]
[0.437 0.526 0.223]
[0.366 0.56  2.247]
[0.323 0.582 1.022]
[0.861 1.097 0.666]
[0.485 0.484 1.047]
[0.376 1.081 1.471]
[0.433 0.431 3.83 ]
[0.508 0.515 0.227]
[0.679 0.728 0.417]
[0.675 0.671 3.767]
[0.448 0.717 0.933]
[0.313 0.457 0.64 ]
[0.464 0.424 4.15 ]
[0.614 0.513 0.228]
[0.541 0.535 0.254]
[0.339 0.278 0.826]
[1.027 1.489 1.532]
[0.578 0.596 1.594]
[0.297 0.493 0.652]
[0.499 0.577 1.252]
[0.367 0.281 1.109]
[0.329 0.496 0.315]
[0.283 0.443 0.55 ]
[0.446 0.658 0.397]
[0.231 0.238 0.726]
[0.274 0.394 0.241]
[0.595 0.967 1.965]
[0.294 0.296 0.926]
[0.836 1.125 3.408]
[0.548 0.541 0.192]
[0.789 0.572 0.392]
[0.354 0.522 0.93 ]
[0.165 0.288 0.438]
[0.568 0.624 0.576]
[0.621 0.717 3.479]
[0.331 0.565 0.95 ]
[0.227 0.361 0.313]
[0.296 0.739 0.501]
[0.59  0.846 0.417]
[0.306 0.391 0.216]
[0.234 0.378 0.701]
[0.452 0.482 1.166]
[0.315 0.509 0.21 ]
[0.322 0.547 0.825]
[0.323 0.501 0.362]
[0.315 0.353 0.996]
[0.638 0.481 1.621]
[1.205 0.781 1.327]
[0.343 0.65  0.32 ]
[0.858 0.467 5.052]
[0.221 0.999 0.659]
[0.519 0.788 0.489]
[0.274 0.491 0.418]
[1.449 0.88  0.923]
[0.818 0.675 0.414]
[0.335 0.538 0.284]
[0.664 0.569 3.21 ]
[0.376 0.525 0.888]
[0.197 0.493 0.329]
[0.489 0.492 1.604]
[1.047 0.635 0.358]
[0.598 0.67  0.281]
[0.529 0.368 0.229]
[0.341 0.445 0.568]
[0.989 0.64  0.412]
[0.339 0.368 0.604]
[0.762 0.815 0.521]
[0.481 0.409 0.431]
[1.166 0.543 4.026]
[0.345 0.46  0.826]
[0.331 0.614 0.582]
[0.326 0.354 0.679]
[0.566 0.354 3.883]
[0.263 0.425 0.689]
[0.584 0.586 1.529]
[0.417 0.8   1.978]
[0.745 0.296 1.142]
[0.405 0.905 0.38 ]
[0.828 0.612 3.363]
[0.441 0.766 0.581]
[0.993 0.789 0.463]
[0.378 0.453 0.601]
[0.793 0.528 0.419]
[0.508 0.838 1.169]
[0.581 0.395 2.756]
[0.401 0.481 0.181]
[0.561 0.593 0.167]
[0.319 0.658 0.429]
[0.409 0.938 1.48 ]
[1.4   0.554 0.65 ]
[0.47  0.959 1.257]
[0.336 0.322 0.561]
[0.419 0.52  0.232]
[0.22  0.684 0.482]
[0.644 0.55  2.877]
[0.381 0.331 0.419]
[0.729 0.574 0.266]
[0.549 0.554 2.678]
[0.41  0.312 0.59 ]
[0.349 0.392 0.616]
[0.322 0.273 0.589]
[0.461 0.494 2.449]
[0.344 0.425 0.544]
[0.862 0.85  0.707]
[0.295 0.724 1.151]
[1.221 0.42  4.611]
[0.327 0.809 1.531]
[0.326 0.496 0.932]
[1.051 0.475 4.315]
[0.381 0.343 0.496]
[0.348 1.178 1.672]
[0.872 0.337 0.929]
[0.332 0.308 0.537]
[0.412 0.988 2.024]
[0.306 0.892 0.375]
[1.248 0.746 0.51 ]
[0.271 0.964 0.773]
[0.39  0.549 0.518]
[0.744 0.682 0.348]
[0.384 0.316 0.126]
[0.375 0.384 0.494]
[0.67  0.493 1.428]
[0.515 0.417 1.11 ]
[0.667 0.795 2.195]
[0.379 1.113 1.319]
[1.259 0.628 0.51 ]
[0.275 1.04  1.069]
[1.358 0.986 1.078]
[0.499 0.425 0.575]
[0.301 1.199 0.297]
[0.443 0.749 0.136]
[0.535 0.654 2.582]
[0.611 0.524 0.233]
[0.984 0.587 0.428]
[0.384 0.984 1.652]
[0.993 0.778 2.978]
[0.431 0.379 0.447]
[0.496 0.77  2.026]
[0.494 0.551 0.184]
[0.688 0.442 0.21 ]
[0.212 0.904 0.841]
[0.303 0.824 0.848]
[0.738 0.568 0.227]
[0.466 0.654 0.248]
[0.178 1.104 0.594]
[0.736 0.754 2.348]
[0.462 0.405 0.336]
[0.38  0.942 1.418]
[0.393 0.468 0.416]
[0.817 0.462 0.28 ]
[0.237 0.332 0.131]
[0.887 0.354 0.568]
[0.38  0.846 1.081]
[0.578 0.73  0.177]
[0.224 0.757 0.087]
[0.941 0.498 0.248]
[0.38  0.747 0.832]
[0.722 0.568 0.393]
[0.257 0.395 0.269]
[0.163 0.903 0.629]
[0.521 0.844 1.917]
[0.529 0.3   0.274]
[0.525 0.601 0.107]
[0.218 1.573 0.443]
[0.611 0.696 0.371]
[0.383 0.661 0.121]
[0.445 0.778 0.1  ]
[0.516 0.388 0.389]
[0.683 0.485 0.248]
[0.311 1.152 0.115]
[0.411 0.441 0.404]
[0.572 0.943 3.919]
[1.084 0.495 0.164]
[0.35  0.3   0.319]
[0.809 0.682 0.379]
[0.83  0.556 0.425]
[0.728 0.37  0.686]
[0.396 1.132 1.223]
[0.638 0.284 0.318]
[0.58  0.348 0.281]
[0.726 0.375 0.388]
[0.462 0.358 0.377]
[0.305 0.437 0.273]
[0.602 0.42  0.153]
[0.218 0.748 0.711]
[0.316 0.729 0.092]
[0.451 1.2   3.202]
[0.289 0.873 1.17 ]
[0.376 0.404 0.405]
[0.657 0.643 2.512]
[0.386 0.387 0.374]
[0.626 0.478 1.061]
[0.582 0.321 0.242]
[0.528 0.658 0.247]
[0.606 0.494 0.504]
[0.517 0.357 0.454]
[0.229 0.71  0.658]
[0.224 0.946 1.14 ]
[0.41  1.241 2.574]
[0.311 0.354 0.178]
[0.614 0.298 0.16 ]
[0.772 0.496 0.33 ]
[0.586 0.73  0.281]
[1.129 0.47  0.279]
[0.417 0.312 0.338]
[0.442 0.945 1.554]
[0.275 0.727 0.083]
[0.566 0.767 1.978]
[0.694 0.28  0.225]
[0.809 0.616 2.729]
[0.933 0.638 0.201]
[0.541 0.399 0.39 ]
[0.437 0.756 0.116]
[0.673 0.281 0.543]
[0.729 0.718 2.42 ]
[0.446 0.3   0.151]
[1.823 0.501 0.497]
[0.338 0.932 1.17 ]
[0.441 0.38  0.093]
[0.964 0.813 3.634]
[0.583 0.383 0.359]
[0.357 0.703 0.954]
[0.347 0.589 0.107]
[1.034 0.786 3.723]
[0.693 0.792 2.191]
[0.3   0.428 0.347]
[0.451 0.269 0.205]
[1.415 1.412 1.315]
[0.403 0.631 0.13 ]
[0.865 0.532 0.255]
[0.799 0.677 2.063]
[0.309 0.947 1.152]
[0.579 0.992 3.197]
[0.382 0.31  0.256]
[0.416 0.445 0.131]
[0.377 0.884 1.442]
[0.789 0.743 2.876]
[0.283 0.474 0.211]
[0.431 0.639 0.797]
[0.29  0.859 0.106]
[2.06  1.178 1.308]
[0.9   0.496 0.508]
[0.436 0.414 0.472]
[0.814 0.373 0.375]
[0.324 0.331 0.235]
[0.37  0.726 0.137]
[0.4   0.679 1.165]
[0.388 0.559 0.122]
[0.451 0.38  0.453]
[0.431 0.983 1.721]
[0.303 0.479 0.449]
[0.59  0.345 0.382]
[0.441 0.619 1.618]
[0.282 0.334 0.281]
[2.505 0.782 0.934]
[0.656 0.304 1.089]
[0.578 0.308 0.431]
[0.321 1.005 0.893]
[0.417 1.026 1.34 ]
[0.489 0.245 0.127]
[0.446 0.983 1.554]
[0.493 0.656 0.195]
[0.713 0.391 0.456]
[0.345 0.749 0.644]
[0.689 0.767 1.871]
[0.467 0.299 0.341]
[0.446 0.443 0.747]
[0.36  0.53  0.119]
[0.337 0.989 1.298]
[0.613 0.666 1.615]
[0.534 0.495 0.157]
[0.228 0.988 0.621]
[1.032 0.466 2.449]
[0.388 0.248 0.109]
[0.276 1.42  1.341]
[0.831 0.539 0.36 ]
[0.674 0.419 0.245]
[0.71  1.47  3.151]
[0.283 0.407 0.428]
[0.853 0.411 0.29 ]
[2.503 0.865 0.961]
[1.72  0.425 0.392]
[0.285 1.011 0.806]
[0.481 0.339 0.476]
[0.643 0.844 1.674]
[0.535 0.351 0.348]
[0.451 0.462 0.15 ]
[0.366 0.875 0.634]
[0.892 0.619 2.18 ]
[0.397 0.303 0.291]
[1.026 0.791 2.718]
[0.401 0.279 0.207]
[0.478 0.534 0.235]
[0.502 0.984 1.271]
[0.555 0.288 0.342]
[0.683 0.862 1.206]
[0.685 0.395 0.227]
[0.293 1.019 1.015]
[0.442 0.452 0.155]
[0.307 0.324 0.314]
[0.454 0.512 0.274]
[0.388 0.879 1.257]
[0.752 0.54  1.863]
[0.604 0.565 0.279]
[0.415 0.582 0.229]
[0.609 0.916 1.022]
[0.276 0.93  0.534]
[1.567 0.756 0.686]
[0.419 0.653 0.249]
[0.282 0.886 0.316]
[0.581 0.458 1.505]
[0.227 0.706 0.077]
[0.351 0.406 0.346]
[0.768 0.591 1.288]
[0.826 0.426 0.349]
[0.519 0.809 3.107]
[0.357 1.11  0.573]
[0.369 1.036 0.783]
[0.835 0.588 1.78 ]
[0.27  0.926 0.141]
[0.354 0.69  0.114]
[0.375 1.055 0.599]
[0.844 0.529 2.234]
[0.296 0.568 0.156]
[0.387 0.884 0.344]
[0.914 0.527 2.644]
[0.531 0.433 0.479]
[0.395 0.635 0.109]
[0.482 1.013 0.703]
[0.506 0.348 0.313]
[0.819 0.669 0.461]
[0.478 0.979 1.119]
[0.6   0.381 0.379]
[0.547 0.562 1.793]
[0.374 0.361 0.227]
[0.385 0.654 0.1  ]
[0.675 0.923 0.968]
[0.577 0.981 0.97 ]
[0.378 1.119 0.968]
[0.813 0.567 0.275]
[0.663 0.293 0.456]
[1.278 0.777 0.77 ]
[0.708 0.582 0.254]
[0.45  0.763 0.27 ]
[0.398 1.179 0.788]
[0.699 0.612 0.309]
[0.4   1.272 1.057]
[0.27  0.999 0.451]
[0.402 0.877 0.847]
[0.64  0.442 1.371]
[0.464 0.365 0.184]
[0.643 0.681 0.182]
[0.929 0.508 0.524]
[0.611 0.429 1.727]
[0.654 0.877 1.15 ]
[0.587 0.641 0.125]
[1.013 0.869 2.778]
[0.582 0.393 0.345]
[0.751 0.589 0.426]
[0.987 0.486 0.192]
[0.669 0.95  1.318]
[0.557 0.581 0.137]
[0.449 0.981 0.853]
[0.51  1.221 0.989]
[0.586 0.751 0.352]
[0.682 0.528 0.14 ]
[0.551 0.577 0.163]
[0.424 0.455 0.323]
[0.831 0.531 1.347]
[0.231 0.749 0.106]
[0.764 0.598 2.495]
[1.585 0.74  0.826]
[0.675 0.897 0.982]
[0.805 0.747 2.154]
[0.526 0.469 0.754]
[0.566 0.584 1.302]
[0.748 0.417 0.342]
[0.689 0.518 0.161]
[0.549 0.562 0.177]
[1.434 0.859 0.885]
[0.565 0.841 1.497]
[0.481 0.613 1.353]
[2.058 0.601 0.799]
[0.812 0.488 2.252]
[0.421 0.228 0.124]
[0.443 0.675 0.161]
[0.501 0.84  1.151]
[0.762 0.383 0.172]
[0.499 0.792 1.078]
[0.712 0.482 0.382]
[0.443 0.421 0.36 ]
[0.503 0.7   0.824]
[0.269 0.751 0.219]
[0.778 0.69  1.296]
[0.542 0.939 1.141]
[0.594 0.753 1.276]
[1.553 0.78  0.867]
[0.879 0.329 0.277]
[0.948 0.526 2.383]
[0.792 0.638 1.624]
[0.584 0.787 1.175]
[0.249 0.592 0.13 ]
[0.575 0.892 1.335]
[0.301 0.841 0.107]
[0.471 1.427 1.245]
[0.377 0.481 0.139]
[0.715 0.639 0.378]
[0.714 0.338 0.312]
[0.24  0.827 0.129]
[0.34  1.194 0.687]
[0.759 0.536 1.188]
[0.396 0.343 0.31 ]
[0.582 0.421 0.204]
[1.215 1.633 2.345]
[0.513 0.364 0.399]
[0.298 0.286 0.122]
[0.706 0.268 0.27 ]
[0.436 0.483 0.196]
[0.6   0.439 0.313]
[0.559 0.631 0.187]
[0.282 0.512 0.106]
[0.563 1.189 1.053]
[0.432 0.701 0.29 ]
[0.405 1.523 0.8  ]
[0.32  0.189 0.122]
[0.352 0.466 0.307]
[0.402 0.541 0.342]
[0.221 0.386 0.16 ]
[0.379 1.02  0.613]
[0.728 1.019 1.752]
[0.604 1.372 1.048]
[0.414 0.643 0.213]
[0.639 0.685 1.014]
[0.423 0.381 0.368]
[0.539 1.515 0.779]
[0.676 1.643 1.28 ]
[0.438 0.6   0.312]
[0.415 0.415 0.332]
[1.022 0.494 1.723]
[0.256 0.219 0.219]
[0.372 0.898 0.253]
[0.566 0.445 0.203]
[0.698 0.799 0.248]
[0.558 0.376 0.197]
[0.717 0.248 0.731]
[0.645 1.747 0.992]
[0.295 0.541 0.34 ]
[0.473 0.52  0.325]
[0.701 0.425 0.429]
[0.384 0.615 0.166]
[0.507 1.469 0.882]
[0.506 0.444 0.378]
[0.489 1.043 1.049]
[0.459 1.233 1.416]
[0.844 0.928 0.881]
[0.669 0.318 0.245]
[0.905 0.954 1.743]
[0.421 0.284 0.38 ]
[0.429 0.857 1.03 ]
[0.349 0.397 0.373]
[0.666 1.507 1.548]
[0.815 0.805 1.185]
[0.518 0.367 0.243]
[0.416 0.584 0.252]
[0.357 0.42  0.392]
[0.784 0.706 0.274]
[0.354 0.389 0.309]
[0.847 0.58  0.254]
[0.324 0.482 0.525]
[0.295 0.53  0.182]
[0.641 1.453 1.073]
[0.485 0.459 0.319]
[0.729 0.566 0.293]
[0.405 0.556 0.215]
[0.546 1.267 0.959]
[0.357 0.312 0.309]
[0.538 1.548 0.86 ]
[0.64  0.803 1.396]
[0.32  0.316 0.366]
[0.395 0.382 0.326]
[0.306 0.771 0.155]
[0.871 0.602 0.298]
[0.583 0.37  0.275]
[0.633 0.45  0.32 ]
[0.496 0.408 0.338]
[0.328 0.284 0.376]
[0.353 0.313 0.425]
[0.31  0.257 0.274]
[0.478 1.456 0.54 ]
[0.545 1.195 0.958]
[2.216 0.606 0.758]
[0.79  0.792 0.247]
[0.373 0.323 0.42 ]
[0.317 0.462 0.227]
[0.786 0.915 1.051]
[0.458 1.002 1.607]
[1.715 0.813 0.625]
[0.309 0.829 0.187]
[1.124 1.441 1.042]
[0.436 0.214 0.188]
[0.222 0.596 0.421]
[0.433 0.471 0.369]
[0.457 0.328 0.238]
[0.468 1.537 1.375]
[0.303 0.448 0.14 ]
[0.727 0.396 0.327]
[1.925 0.639 0.363]
[0.202 0.181 0.257]
[0.41  0.569 0.365]
[0.273 0.797 0.171]
[0.214 0.305 0.264]
[1.172 0.792 0.266]
[0.449 0.46  0.354]
[0.607 1.131 1.06 ]
[0.4   0.352 0.421]
[0.939 0.715 1.319]
[0.831 0.537 0.231]
[0.34  1.37  1.281]
[0.35  0.465 0.396]
[1.692 0.689 0.468]
[0.44  1.009 0.774]
[1.037 1.392 1.046]
[0.179 0.323 0.585]
[0.623 0.208 0.439]
[0.365 0.364 0.427]
[0.562 0.387 0.357]
[0.234 0.406 0.519]
[0.262 0.484 0.219]
[0.335 0.543 0.195]
[0.91  0.565 0.2  ]
[0.731 2.018 1.358]
[0.374 0.436 0.357]
[1.073 0.474 0.235]
[0.678 0.333 0.287]
[0.185 0.268 0.453]
[1.263 0.478 0.328]
[0.284 0.773 0.574]
[0.724 1.074 1.431]
[3.002 1.022 0.43 ]
[1.295 0.382 0.267]
[0.679 0.485 0.19 ]
[0.574 0.396 0.378]
[0.168 0.43  0.195]
[0.332 0.477 0.204]
[0.643 0.583 0.2  ]
[0.634 0.318 0.353]
[0.33  0.53  0.752]
[0.418 0.403 0.248]
[0.402 1.144 1.024]
[0.177 0.497 0.162]
[0.589 0.534 0.318]
[0.771 0.866 1.238]
[0.718 0.442 0.209]
[0.577 0.412 0.208]
[0.615 0.443 0.345]
[0.416 0.496 0.369]
[0.371 0.183 0.156]
[0.403 0.334 0.484]
[0.58  0.375 0.279]
[1.231 0.915 1.572]
[0.767 0.352 0.469]
[0.393 0.22  0.176]
[0.277 0.425 0.566]
[0.499 0.518 0.205]
[0.307 0.467 0.189]
[0.806 1.245 1.048]
[0.717 0.281 0.39 ]
[0.463 1.344 0.768]
[0.688 0.971 0.772]
[0.417 0.343 0.214]
[0.636 0.382 0.596]
[0.466 0.415 0.171]
[0.532 1.115 1.024]
[0.458 0.332 0.413]
[1.187 0.993 1.379]
[0.62  0.641 0.55 ]
[0.467 0.432 0.181]
[0.37  0.424 0.5  ]
[0.365 0.333 0.243]
[0.442 0.359 0.289]
[0.521 0.937 1.083]
[0.536 0.45  0.162]
[0.413 0.71  1.033]
[0.796 1.313 1.525]
[0.254 0.454 0.171]
[0.378 0.432 0.214]
[0.513 0.27  0.405]
[0.749 1.26  0.943]
[2.61  0.94  0.312]
[0.785 0.986 1.395]
[0.552 0.372 0.463]
[0.182 0.408 0.387]
[0.235 0.232 0.238]
[0.361 0.498 0.362]
[0.698 0.463 0.19 ]
[0.448 0.242 0.328]
[0.782 0.906 1.358]
[0.565 0.319 0.332]
[0.281 0.526 0.34 ]
[0.75  0.448 0.406]
[0.534 0.335 0.234]
[0.472 0.899 0.83 ]
[0.154 0.281 0.126]
[0.311 0.417 0.439]
[0.449 0.38  0.396]
[0.201 0.452 0.148]
[0.495 0.409 0.385]
[0.812 1.298 1.275]
[1.382 1.122 2.077]
[0.388 1.501 0.865]
[0.257 0.513 0.684]
[0.208 0.38  0.512]
[0.485 0.634 0.31 ]
[0.233 0.245 0.181]
[0.706 1.005 2.043]
[0.215 0.215 0.166]
[0.45  0.572 0.477]
[0.498 0.832 1.014]
[0.286 0.501 0.329]
[0.699 1.266 1.452]
[0.6   0.327 0.366]
[0.467 0.826 1.174]
[0.217 0.159 0.231]
[0.22  0.598 0.232]
[0.155 0.241 0.419]
[0.667 0.484 0.399]
[0.42 0.33 0.25]
[2.602 0.873 0.411]
[0.103 0.329 0.177]
[0.293 0.245 0.175]
[0.283 0.712 0.799]
[0.61  0.305 0.301]
[0.256 0.462 0.388]
[0.716 0.22  0.28 ]
[0.729 0.773 0.411]
[0.355 0.744 0.949]
[0.253 0.44  0.169]
[0.511 1.375 1.281]
[0.553 0.38  0.517]
[0.49  0.821 0.822]
[0.344 0.422 0.292]
[0.607 0.322 0.349]
[0.461 0.441 0.441]
[0.963 1.035 1.301]
[0.762 0.777 0.832]
[0.593 0.367 0.218]
[0.28  0.472 0.243]
[0.47  0.402 0.436]
[0.577 0.203 0.405]
[0.309 0.78  0.582]
[1.009 0.537 0.165]
[0.424 0.889 1.561]
[1.118 0.807 2.293]
[0.139 0.234 0.631]
[1.63  0.489 0.344]
[0.265 0.569 0.245]
[0.399 0.491 0.311]
[0.399 0.492 0.475]
[0.494 0.423 0.204]
[0.16  0.226 0.145]
[0.266 0.373 0.207]
[0.083 0.113 0.239]
[0.41  0.5   0.424]
[0.166 0.145 0.147]
[1.263 0.899 0.913]
[0.532 1.091 1.842]
[0.361 0.499 0.295]
[0.356 1.188 1.47 ]
[0.407 0.804 0.741]
[0.314 0.384 0.251]
[0.79  0.792 1.471]
[0.574 0.731 0.393]
[1.216 0.723 0.237]
[0.688 1.355 1.864]
[0.181 0.093 0.259]
[0.535 0.723 1.494]
[0.281 0.926 1.877]
[0.237 0.414 0.319]
[0.67  0.971 2.042]
[0.467 1.052 1.303]
[3.027 0.838 0.384]
[0.245 0.309 0.205]
[1.507 0.814 0.25 ]
[0.254 0.355 0.934]
[0.43  0.33  0.232]
[0.393 0.704 0.807]
[3.819 0.982 0.483]
[0.456 0.477 0.628]
[1.333 1.018 1.565]
[0.221 0.388 0.421]
[0.993 0.804 1.711]
[0.418 0.258 0.317]
[0.22  0.161 0.172]
[0.364 0.979 1.462]
[0.552 0.259 0.477]
[0.493 0.888 1.34 ]
[0.451 0.363 0.318]
[0.352 0.44  0.28 ]
[0.53  0.481 0.207]
[0.445 0.481 0.323]
[0.276 0.269 0.209]
[0.449 0.277 0.26 ]
[2.537 0.6   0.278]
[0.355 0.713 0.9  ]
[0.42  0.922 1.212]
[0.446 0.274 0.452]
[0.47  0.562 0.396]
[4.063 0.754 0.414]
[0.37  0.56  0.337]
[0.206 0.536 0.231]
[0.345 0.797 1.35 ]
[0.274 0.296 0.174]
[0.735 1.552 1.293]
[1.211 0.715 0.219]
[0.136 0.37  0.215]
[0.423 0.95  1.53 ]
[0.669 1.114 1.016]
[0.424 1.121 1.243]
[0.65  0.911 1.7  ]
[0.233 0.266 0.146]
[1.358 1.139 0.932]
[0.206 0.386 0.179]
[0.461 0.251 0.266]
[0.812 1.298 1.313]
[0.857 1.158 1.003]
[0.808 1.402 1.498]
[0.691 1.217 1.799]
[1.053 0.581 0.174]
[0.5   1.108 1.651]
[0.133 0.445 0.143]
[1.926 0.765 0.283]
[1.599 0.603 0.241]
[0.744 0.467 0.143]
[1.172 0.534 0.152]
[0.595 1.105 1.198]
[0.407 0.478 0.205]
[0.402 0.319 0.274]
[2.223 0.762 0.338]
[0.432 0.895 1.805]
[0.406 1.235 0.656]
[0.341 0.205 0.389]
[1.011 0.914 0.533]
[0.586 0.42  0.157]
[0.262 0.695 1.134]
[0.249 0.528 0.155]
[1.109 1.053 0.793]
[0.762 0.777 1.16 ]
[0.404 0.314 0.325]
[0.274 0.224 0.087]
[0.582 0.567 0.389]
[0.681 0.939 1.162]
[0.23  0.774 0.202]
[0.343 0.228 0.101]
[0.274 1.075 0.974]
[0.322 1.179 1.053]
[1.065 0.697 0.163]
[0.266 0.365 0.329]
[0.208 0.731 0.888]
[0.282 1.531 1.214]
[0.498 1.134 1.231]
[0.423 0.939 1.022]
[0.257 1.419 0.913]
[0.927 0.686 0.147]
[0.398 0.308 0.191]
[0.452 0.93  1.244]
[0.508 1.112 1.146]
[0.363 0.293 0.118]
[0.917 1.456 1.135]
[0.607 1.063 1.298]
[0.742 0.879 0.361]
[0.13  0.421 0.224]
[0.507 1.442 1.149]
[0.67  0.987 0.378]
[0.195 0.345 0.129]
[0.318 0.326 0.23 ]
[0.726 1.336 1.187]
[0.277 0.412 0.321]
[0.473 1.152 0.984]
[0.64  1.596 1.209]
[0.675 0.41  0.186]
[0.262 0.409 0.17 ]
[0.441 1.162 0.756]
[0.499 1.364 0.411]
[0.488 0.464 0.154]
[0.592 0.467 0.3  ]
[0.371 1.118 1.02 ]
[0.262 0.364 0.213]
[0.123 0.417 0.171]
[0.411 1.12  0.839]
[0.767 0.375 0.137]
[0.665 0.357 0.391]
