[1. 1. 1. 1. 1. 1.]
[1.023 0.994 1.001 1.05  0.996 0.996]
[0.957 1.002 0.95  0.961 0.979 0.951]
[0.995 1.018 0.98  1.002 1.01  1.022]
[1.074 1.069 0.919 1.051 1.054 1.025]
[1.018 0.997 0.9   0.965 1.042 1.067]
[1.06  1.041 0.963 1.071 0.894 0.998]
[1.013 1.124 1.034 1.012 1.036 0.95 ]
[1.209 0.998 0.876 0.962 0.939 1.016]
[1.112 1.098 1.072 0.854 0.985 0.972]
[1.071 0.914 0.965 1.077 0.942 0.896]
[1.055 1.025 0.93  0.955 0.828 1.132]
[1.121 1.089 1.07  0.947 0.876 0.931]
[0.986 0.937 1.054 1.146 0.875 1.063]
[0.983 1.119 1.006 0.94  1.382 0.922]
[1.057 0.993 1.07  0.995 0.995 0.843]
[1.065 1.094 1.013 0.918 0.965 0.975]
[1.002 1.09  0.83  1.001 0.893 0.994]
[0.718 0.853 0.903 1.152 0.833 1.091]
[0.888 0.966 0.893 1.017 0.991 1.006]
[1.116 0.936 1.041 1.183 0.828 0.951]
[0.758 1.007 0.854 1.047 1.143 1.068]
[0.921 0.807 0.879 1.179 1.07  0.936]
[1.191 0.908 0.966 0.907 0.994 0.833]
[1.066 1.059 1.097 0.93  0.758 0.871]
[0.838 0.783 1.005 1.281 0.88  0.877]
[0.801 1.102 0.904 0.902 0.899 1.18 ]
[0.88  0.968 1.04  1.06  1.054 0.937]
[1.152 0.921 0.706 0.86  1.039 0.833]
[0.925 0.824 0.802 0.944 0.752 1.092]
[0.879 1.026 1.024 1.098 0.912 0.887]
[1.128 0.898 0.861 0.992 0.945 1.121]
[0.983 1.081 0.959 0.929 0.876 0.824]
[1.036 0.875 1.007 0.866 0.821 0.792]
[0.876 0.856 0.872 0.786 0.736 1.319]
[1.029 0.946 0.929 0.945 0.816 0.816]
[1.101 0.854 0.846 0.907 0.858 0.856]
[0.939 0.907 0.764 1.008 0.837 0.73 ]
[1.064 0.865 0.963 0.94  0.781 0.869]
[0.738 0.946 0.973 0.866 0.639 0.859]
[1.029 1.081 0.842 0.889 0.942 0.665]
[0.821 0.847 0.8   0.941 0.901 1.086]
[0.895 1.022 0.807 1.138 0.944 0.982]
[0.735 0.825 0.807 0.986 0.928 1.177]
[0.592 0.785 0.953 0.761 0.888 1.115]
[0.805 1.055 0.907 1.259 1.15  1.043]
[0.86  0.664 0.771 0.827 1.055 0.965]
[0.814 0.652 0.689 1.07  1.047 1.034]
[0.873 0.786 0.876 0.944 0.844 0.876]
[0.896 0.744 0.986 1.02  0.817 1.04 ]
[0.651 0.844 0.863 0.775 0.681 0.962]
[1.022 0.878 0.707 0.785 0.826 1.003]
[1.061 0.993 0.837 0.84  0.827 0.99 ]
[0.969 0.915 0.949 1.014 0.796 0.909]
[1.146 0.977 0.655 0.876 0.936 0.797]
[1.208 0.967 0.902 1.138 0.921 0.799]
[1.011 0.963 0.903 0.853 1.014 0.611]
[0.988 0.795 0.887 0.683 0.771 1.003]
[0.838 0.905 0.831 0.822 0.777 1.189]
[1.106 1.193 0.764 0.801 0.747 0.96 ]
[1.166 0.882 0.847 0.736 0.957 0.691]
[0.808 0.923 0.823 0.744 0.629 0.968]
[0.76  1.036 0.746 0.823 0.73  1.01 ]
[0.754 1.169 0.681 1.162 0.783 1.038]
[0.633 0.829 0.884 1.082 0.821 1.101]
[0.741 1.035 0.682 0.832 0.872 0.849]
[0.826 1.265 0.693 0.882 0.917 1.108]
[0.956 0.949 0.755 0.811 0.802 0.766]
[0.97  0.606 0.871 0.91  0.787 0.869]
[0.696 0.77  0.833 0.985 0.749 0.935]
[0.76  1.721 0.646 0.7   0.93  0.52 ]
[0.651 0.832 0.794 0.948 0.8   0.809]
[0.707 0.863 0.657 0.722 0.634 1.023]
[0.635 0.979 0.639 0.778 0.804 0.935]
[1.28  0.694 0.81  0.963 0.907 0.762]
[0.852 0.763 0.726 0.848 0.812 0.737]
[0.793 0.658 0.737 0.898 0.789 1.01 ]
[0.831 0.85  0.539 0.691 0.752 0.936]
[0.869 0.822 0.789 0.91  0.9   0.812]
[0.759 1.179 0.804 0.737 0.809 0.71 ]
[0.965 0.982 0.849 1.088 0.963 0.728]
[0.768 0.665 0.624 0.88  0.637 0.934]
[0.83  1.001 0.658 0.571 0.641 1.041]
[0.857 0.675 0.702 0.958 0.846 0.83 ]
[0.942 0.856 0.56  0.96  0.864 1.225]
[0.747 0.792 0.696 1.    1.037 0.742]
[0.667 0.764 0.588 1.205 1.103 0.948]
[1.351 0.824 1.095 0.739 1.215 0.801]
[0.6   0.626 0.39  1.441 0.798 1.332]
[0.675 0.809 0.52  1.057 1.088 1.344]
[1.117 0.896 1.094 0.609 0.87  0.775]
[0.876 0.618 0.762 0.838 0.624 0.948]
[1.05  1.055 0.75  0.661 0.975 0.646]
[1.201 0.701 0.651 0.853 0.783 0.696]
[0.823 0.786 0.908 0.694 0.942 0.673]
[0.743 0.53  0.73  0.802 0.615 0.823]
[0.637 0.625 0.699 0.752 0.606 0.988]
[0.666 0.798 0.837 0.587 0.526 0.842]
[1.022 0.943 0.601 0.772 0.723 0.73 ]
[0.68  0.805 0.72  0.63  0.642 0.837]
[0.837 0.755 0.843 0.714 1.037 0.619]
[1.214 0.667 1.009 0.782 1.143 0.647]
[0.583 0.752 0.776 0.888 0.937 0.603]
[0.563 0.48  0.716 0.837 0.803 0.668]
[0.579 0.84  0.854 0.618 0.631 0.787]
[0.786 0.777 0.775 0.52  0.641 0.918]
[1.056 0.773 0.891 0.68  0.679 0.819]
[1.081 0.573 0.864 0.828 0.741 0.726]
[0.457 0.695 0.628 0.669 0.364 1.164]
[0.864 0.659 0.684 0.776 0.809 0.766]
[0.766 0.68  0.763 0.847 0.751 0.725]
[0.962 0.752 0.751 0.775 0.836 0.679]
[0.858 0.978 0.757 0.712 0.604 0.805]
[0.858 0.573 0.687 0.606 0.615 0.749]
[0.63  0.972 0.775 0.668 0.823 0.819]
[0.931 0.74  0.874 0.648 0.717 0.732]
[0.998 0.691 0.688 0.678 0.736 0.646]
[0.645 1.235 0.727 0.514 1.233 0.646]
[0.944 0.588 0.755 0.994 0.683 0.723]
[0.785 0.753 0.696 0.613 0.591 0.703]
[1.126 0.59  0.871 0.681 0.725 0.661]
[0.587 0.874 0.679 0.668 0.754 0.929]
[0.818 0.738 0.884 0.738 0.693 0.781]
[0.651 0.659 0.627 0.552 0.68  0.741]
[0.851 0.563 0.756 0.562 0.658 0.788]
[0.604 0.82  0.424 0.897 1.046 0.878]
[0.463 0.783 0.498 0.644 1.011 1.018]
[0.794 0.48  0.676 0.719 1.114 0.921]
[0.979 0.62  0.52  0.926 0.751 0.808]
[0.692 0.873 0.692 0.617 0.689 0.577]
[0.854 0.597 0.565 0.845 0.847 0.774]
[0.629 0.741 0.81  0.522 0.633 0.672]
[0.589 0.806 0.73  0.585 0.794 0.769]
[0.815 0.697 0.656 0.734 0.904 0.575]
[0.946 0.743 0.726 0.6   0.572 0.72 ]
[0.69  0.869 0.77  0.538 0.563 0.856]
[0.709 1.037 0.769 0.534 0.713 0.747]
[0.97  0.523 0.796 0.782 0.79  0.629]
[0.588 0.688 0.685 0.571 0.678 0.629]
[0.924 0.573 0.676 0.794 0.764 0.571]
[0.529 0.514 0.649 0.577 0.622 0.607]
[0.753 0.739 0.66  0.638 0.492 0.881]
[0.769 0.574 0.697 0.503 0.679 0.694]
[0.702 0.636 0.575 0.672 0.664 0.785]
[0.612 0.619 0.732 0.614 0.874 0.696]
[0.555 0.823 0.64  0.584 0.782 0.692]
[0.428 0.491 0.619 0.615 0.577 0.703]
[0.879 0.577 0.711 0.686 0.648 0.8  ]
[0.658 0.689 0.715 0.582 0.86  0.581]
[0.88  0.623 0.736 0.722 0.719 0.754]
[0.805 0.797 0.749 0.767 0.985 0.563]
[0.841 0.656 0.576 0.713 0.848 0.529]
[0.425 0.717 0.523 0.503 0.8   0.585]
[0.89  0.877 0.673 0.519 0.52  0.727]
[0.622 0.555 0.672 0.464 0.527 0.647]
[0.481 0.638 0.574 0.654 0.843 0.644]
[1.011 0.982 0.707 0.7   0.748 0.737]
[0.73  0.862 0.797 0.607 0.606 0.72 ]
[0.644 0.644 0.622 0.488 0.558 0.665]
[0.779 0.655 0.579 0.746 0.825 0.677]
[0.557 0.976 0.609 0.858 0.808 0.669]
[0.427 1.077 0.723 0.671 0.942 0.674]
[0.511 0.627 0.494 0.704 0.693 0.662]
[0.499 0.714 0.749 0.447 0.579 0.76 ]
[0.733 0.67  0.657 0.661 0.727 0.655]
[0.538 0.759 0.592 0.582 0.674 0.683]
[0.978 0.592 0.871 0.404 0.653 0.682]
[0.554 0.903 0.824 0.798 1.156 0.756]
[0.779 0.524 0.785 0.465 0.507 0.667]
[0.908 0.466 0.767 0.744 0.707 0.695]
[0.614 0.938 0.594 0.592 0.734 0.585]
[0.851 0.588 0.725 0.584 0.606 0.675]
[0.46  0.663 0.612 0.695 0.731 0.595]
[0.678 0.68  0.644 0.418 0.636 0.761]
[0.409 0.76  0.639 0.451 0.959 0.527]
[0.765 0.504 0.616 0.694 0.578 0.567]
[0.68  0.731 0.681 0.653 0.574 0.72 ]
[0.58  1.078 0.567 0.568 1.159 0.651]
[0.762 0.67  0.605 0.788 0.891 0.715]
[0.501 0.59  0.519 0.801 0.658 0.579]
[0.486 0.73  0.61  0.554 0.553 0.776]
[0.343 0.671 0.524 0.534 0.623 0.6  ]
[0.578 0.616 0.476 0.546 0.424 0.548]
[0.736 0.545 0.731 0.648 0.71  0.647]
[0.673 0.473 0.6   0.58  0.549 0.616]
[0.564 0.464 0.522 0.583 0.489 0.54 ]
[0.67  0.533 0.63  0.513 0.442 0.763]
[0.598 0.548 0.651 0.409 0.432 0.69 ]
[0.609 0.665 0.546 0.729 0.558 0.803]
[0.639 0.526 0.698 0.598 0.693 0.738]
[0.465 0.632 0.586 0.383 0.442 0.834]
[0.557 0.597 0.549 0.651 0.695 0.843]
[0.461 0.657 0.678 0.32  0.473 0.78 ]
[0.801 0.652 0.615 0.55  0.666 0.823]
[0.286 0.744 0.525 0.563 0.671 0.547]
[0.653 0.649 0.612 0.518 0.687 0.718]
[0.47  0.693 0.751 0.331 0.559 0.766]
[0.672 0.575 0.538 0.54  0.614 0.744]
[0.624 0.417 0.615 0.439 0.457 0.97 ]
[0.866 0.57  0.579 0.584 0.597 0.669]
[0.421 0.511 0.586 0.361 0.48  0.597]
[0.515 0.572 0.545 0.517 0.575 0.762]
[0.628 0.465 0.555 0.536 0.548 0.54 ]
[0.511 0.661 0.628 0.442 0.55  0.533]
[0.595 0.534 0.543 0.57  0.485 0.736]
[0.375 0.641 0.686 0.372 0.478 0.616]
[0.336 0.648 0.624 0.43  0.506 0.572]
[0.716 0.364 0.618 0.54  0.545 0.575]
[0.471 0.5   0.641 0.509 0.523 0.585]
[0.409 0.386 0.882 0.581 0.559 0.623]
[0.451 0.502 0.629 0.615 0.575 0.558]
[0.421 0.478 0.978 0.805 1.086 0.698]
[0.348 0.386 1.239 0.561 0.776 0.704]
[0.655 0.54  0.809 0.381 0.467 0.914]
[0.45  0.417 0.631 0.331 0.446 0.505]
[0.631 0.964 0.719 0.519 0.802 0.653]
[0.675 0.42  0.562 0.702 0.595 0.665]
[0.482 0.376 0.609 0.464 0.556 0.374]
[0.519 0.477 0.646 0.282 0.388 0.625]
[0.402 0.391 0.687 0.314 0.458 0.547]
[0.605 0.361 0.669 0.393 0.549 0.515]
[0.615 0.573 0.45  0.362 0.428 0.755]
[0.431 0.442 0.698 0.34  0.452 0.504]
[0.752 0.52  0.638 0.603 0.682 0.597]
[0.612 0.433 0.565 0.421 0.473 0.643]
[0.451 0.291 0.597 0.388 0.393 0.56 ]
[0.441 0.54  0.523 0.494 0.573 0.528]
[0.378 0.571 0.684 0.305 0.602 0.562]
[0.54  0.32  0.689 0.554 0.624 0.447]
[0.348 0.647 0.626 0.435 0.721 0.626]
[0.64  0.544 0.585 0.486 0.625 0.542]
[0.594 0.672 0.505 0.578 0.684 0.646]
[0.383 0.564 0.549 0.283 0.365 0.592]
[0.51  0.339 0.521 0.334 0.328 0.452]
[0.811 0.505 0.478 0.558 0.602 0.604]
[0.399 0.462 0.713 0.414 0.628 0.494]
[0.413 0.515 0.646 0.49  0.723 0.548]
[0.29  0.505 0.695 0.3   0.526 0.544]
[0.459 0.656 0.603 0.349 0.599 0.753]
[0.547 0.335 0.546 0.344 0.396 0.608]
[0.823 0.475 0.604 0.707 0.533 0.536]
[0.529 0.466 0.521 0.413 0.57  0.726]
[0.548 0.584 0.558 0.398 0.406 0.536]
[0.477 0.41  0.633 0.275 0.491 0.507]
[0.264 0.492 0.658 0.304 0.52  0.553]
[0.664 0.343 0.665 0.438 0.436 0.466]
[0.686 0.521 0.59  0.486 0.525 0.782]
[0.655 0.56  0.506 0.643 0.663 0.629]
[0.616 0.503 0.489 0.503 0.435 0.675]
[0.321 0.379 0.676 0.284 0.607 0.524]
[0.238 0.717 0.727 0.516 1.02  1.135]
[0.282 0.67  0.474 0.334 0.41  0.764]
[0.414 0.666 0.59  0.775 0.817 0.612]
[0.612 0.46  0.554 0.571 0.693 0.604]
[0.343 0.58  0.611 0.273 0.424 0.558]
[0.418 0.321 0.727 0.298 0.517 0.605]
[0.44  0.55  0.617 0.345 0.673 0.507]
[0.548 0.571 0.452 0.659 0.499 0.607]
[0.416 0.365 0.595 0.297 0.435 0.52 ]
[0.764 0.312 0.584 0.41  0.621 0.504]
[0.445 0.465 0.679 0.284 0.483 0.734]
[0.467 0.584 0.434 0.535 0.623 0.672]
[0.534 0.446 0.536 0.401 0.431 0.527]
[0.473 0.554 0.664 0.387 0.509 0.508]
[0.349 0.541 0.594 0.429 0.594 0.709]
[0.521 0.677 0.546 0.427 0.594 0.792]
[0.616 0.522 0.403 0.427 0.561 0.843]
[0.549 0.469 0.56  0.677 0.479 0.425]
[0.438 0.408 0.424 0.454 0.514 0.675]
[0.403 0.443 0.649 0.263 0.351 0.526]
[0.569 0.604 0.486 0.836 0.662 0.517]
[0.473 0.417 0.584 0.375 0.415 0.523]
[0.484 0.349 0.66  0.272 0.391 0.441]
[0.718 0.485 0.39  0.606 0.383 0.618]
[0.437 0.515 0.575 0.404 0.593 0.555]
[0.636 0.401 0.48  0.358 0.442 0.685]
[0.511 0.58  0.53  0.676 0.677 0.372]
[0.372 0.564 0.537 0.44  0.694 0.88 ]
[0.519 0.397 0.548 0.497 0.552 0.515]
[0.192 0.517 0.614 0.238 0.347 0.675]
[0.623 0.478 0.524 0.54  0.649 0.553]
[0.41  0.33  0.478 0.326 0.342 0.486]
[0.549 0.557 0.518 0.614 0.645 0.67 ]
[0.246 0.467 0.639 0.234 0.405 0.738]
[0.332 0.449 0.503 0.289 0.46  0.683]
[0.445 0.391 0.56  0.252 0.448 0.529]
[0.73  0.43  0.481 0.529 0.49  0.659]
[0.604 0.389 0.494 0.446 0.385 0.555]
[0.422 0.353 0.568 0.446 0.519 0.585]
[0.4   0.388 0.56  0.398 0.489 0.63 ]
[0.674 0.484 0.526 0.605 0.585 0.673]
[0.355 0.349 0.635 0.471 0.604 0.704]
[0.214 0.699 0.676 0.512 0.729 0.675]
[0.463 0.476 0.507 0.656 0.611 0.47 ]
[0.492 0.665 0.431 0.567 0.546 0.349]
[0.288 0.621 0.542 0.553 0.518 0.549]
[0.275 0.529 0.581 0.432 0.495 0.462]
[0.507 0.591 0.556 0.564 0.589 0.479]
[0.42  0.377 0.595 0.364 0.671 0.662]
[0.275 0.417 0.796 0.208 0.479 0.553]
[0.626 0.512 0.577 0.674 0.663 0.582]
[0.662 0.509 0.423 0.616 0.569 0.512]
[0.363 0.594 0.449 0.574 0.579 0.362]
[0.544 0.506 0.462 0.63  0.642 0.593]
[0.537 0.47  0.358 0.418 0.48  0.527]
[0.344 0.629 0.488 0.423 0.534 0.647]
[0.347 0.389 0.513 0.376 0.507 0.387]
[0.501 0.36  0.742 0.565 0.726 0.483]
[0.266 0.391 0.768 0.327 0.528 0.697]
[0.528 0.434 0.404 0.554 0.397 0.579]
[0.419 0.444 0.49  0.36  0.514 0.551]
[0.336 0.625 0.483 0.229 0.439 0.537]
[0.475 0.374 0.545 0.509 0.721 0.44 ]
[0.471 0.516 0.496 0.533 0.438 0.501]
[0.282 0.505 0.623 0.214 0.308 0.472]
[0.463 0.526 0.305 0.433 0.284 0.55 ]
[0.482 0.506 0.334 0.488 0.459 0.622]
[0.55  0.439 0.534 0.561 0.437 0.486]
[0.522 0.402 0.506 0.38  0.455 0.397]
[0.529 0.368 0.58  0.48  0.592 0.635]
[0.397 0.363 0.446 0.254 0.442 0.648]
[0.527 0.457 0.413 0.453 0.547 0.481]
[0.44  0.508 0.383 0.396 0.37  0.585]
[0.389 0.463 0.471 0.41  0.497 0.54 ]
[0.227 0.486 0.672 0.231 0.363 0.393]
[0.314 0.474 0.477 0.222 0.48  0.381]
[0.341 0.423 0.429 0.369 0.416 0.51 ]
[0.54  0.338 0.49  0.249 0.481 0.5  ]
[0.433 0.298 0.727 0.321 0.639 0.882]
[0.283 0.437 0.619 0.272 0.317 0.55 ]
[0.231 0.569 0.577 0.23  0.447 0.568]
[0.439 0.481 0.445 0.546 0.498 0.345]
[0.266 0.356 0.66  0.216 0.599 0.483]
[0.687 0.461 0.386 0.711 0.492 0.716]
[0.126 0.641 0.696 0.538 0.82  0.656]
[0.909 0.342 0.613 0.706 0.48  0.67 ]
[0.337 0.411 0.647 0.249 0.568 0.412]
[0.413 0.482 0.538 0.528 0.498 0.555]
[0.391 0.357 0.564 0.287 0.48  0.594]
[0.328 0.432 0.642 0.192 0.362 0.417]
[0.169 0.503 0.479 0.673 0.829 0.542]
[0.517 0.445 0.442 0.536 0.443 0.448]
[0.402 0.483 0.396 0.424 0.541 0.799]
[0.485 0.473 0.491 0.503 0.482 0.455]
[0.434 0.396 0.456 0.366 0.528 0.663]
[0.475 0.389 0.503 0.415 0.472 0.539]
[0.333 0.346 0.443 0.25  0.495 0.464]
[0.504 0.504 0.374 0.435 0.46  0.609]
[0.463 0.423 0.588 0.278 0.444 0.854]
[0.398 0.295 0.473 0.33  0.397 0.299]
[0.344 0.358 0.669 0.197 0.443 0.415]
[0.37  0.618 0.408 0.46  0.348 0.662]
[0.433 0.336 0.685 0.34  0.544 0.866]
[0.606 0.317 0.524 0.491 0.577 0.42 ]
[0.363 0.329 0.768 0.206 0.604 0.427]
[0.345 0.341 0.779 0.248 0.584 0.474]
[0.328 0.28  0.45  0.282 0.511 0.554]
[0.459 0.474 0.433 0.517 0.492 0.413]
[0.637 0.324 0.385 0.696 0.491 0.426]
[0.359 0.504 0.464 0.35  0.433 0.531]
[0.281 0.305 0.708 0.233 0.475 0.41 ]
[0.358 0.437 0.671 0.305 0.513 0.693]
[0.565 0.251 0.624 0.341 0.629 0.607]
[0.306 0.36  0.628 0.297 0.44  0.391]
[0.334 0.509 0.378 0.413 0.412 0.447]
[0.311 0.264 0.631 0.18  0.493 0.34 ]
[0.62  0.43  0.437 0.644 0.482 0.541]
[0.367 0.525 0.432 0.333 0.345 0.678]
[0.337 0.259 0.755 0.231 0.594 0.527]
[0.397 0.472 0.611 0.475 0.5   0.817]
[0.299 0.474 0.446 0.236 0.33  0.512]
[0.533 0.294 0.621 0.245 0.553 0.662]
[0.314 0.349 0.704 0.292 0.494 0.414]
[0.336 0.356 0.392 0.222 0.403 0.462]
[0.448 0.219 0.712 0.261 0.609 0.344]
[0.093 0.647 0.61  0.608 0.918 0.77 ]
[0.083 0.591 0.623 0.396 0.823 0.644]
[0.186 0.586 0.79  0.473 0.649 0.299]
[0.445 0.358 0.383 0.342 0.485 0.512]
[0.448 0.354 0.335 0.457 0.416 0.459]
[0.269 0.335 0.77  0.263 0.46  0.47 ]
[0.561 0.302 0.412 0.455 0.482 0.43 ]
[0.344 0.307 0.749 0.197 0.596 0.486]
[0.506 0.454 0.382 0.475 0.319 0.389]
[0.552 0.333 0.447 0.421 0.531 0.642]
[0.245 0.442 0.614 0.332 0.411 0.715]
[0.378 0.559 0.557 0.427 0.449 0.643]
[0.414 0.325 0.685 0.304 0.461 0.487]
[0.396 0.414 0.582 0.478 0.568 0.553]
[0.415 0.388 0.526 0.514 0.549 0.51 ]
[0.41  0.362 0.473 0.536 0.49  0.562]
[0.41  0.472 0.364 0.428 0.42  0.666]
[0.413 0.39  0.453 0.305 0.442 0.436]
[0.335 0.289 0.551 0.178 0.48  0.445]
[0.59  0.321 0.366 0.636 0.454 0.469]
[0.374 0.318 0.357 0.316 0.376 0.53 ]
[0.516 0.319 0.688 0.149 0.539 0.403]
[0.379 0.321 0.44  0.419 0.434 0.553]
[0.35  0.251 0.918 0.198 0.606 0.353]
[0.498 0.41  0.439 0.548 0.45  0.409]
[0.569 0.283 0.569 0.294 0.615 0.528]
[0.366 0.353 0.365 0.5   0.45  0.652]
[0.446 0.357 0.576 0.238 0.393 0.388]
[0.42  0.388 0.486 0.494 0.396 0.609]
[0.241 0.404 0.553 0.201 0.423 0.592]
[0.411 0.444 0.585 0.427 0.292 0.417]
[0.28  0.315 0.767 0.289 0.357 0.565]
[0.355 0.304 0.471 0.29  0.326 0.346]
[0.61  0.348 0.462 0.306 0.348 0.377]
[0.414 0.294 0.371 0.252 0.508 0.598]
[0.256 0.28  0.657 0.173 0.417 0.597]
[0.436 0.361 0.369 0.476 0.346 0.487]
[0.347 0.345 0.494 0.298 0.422 0.419]
[0.481 0.308 0.46  0.432 0.517 0.647]
[0.362 0.304 0.583 0.156 0.415 0.301]
[0.236 0.352 0.407 0.247 0.346 0.494]
[0.452 0.271 0.357 0.509 0.464 0.575]
[0.119 0.488 0.85  0.398 0.523 0.635]
[0.287 0.415 0.488 0.332 0.582 0.544]
[0.26  0.304 0.661 0.243 0.412 0.549]
[0.182 0.326 0.539 0.199 0.31  0.593]
[0.27  0.291 0.759 0.186 0.431 0.551]
[0.483 0.326 0.437 0.357 0.439 0.563]
[0.603 0.223 0.455 0.523 0.519 0.498]
[0.464 0.323 0.396 0.368 0.438 0.468]
[0.285 0.287 0.6   0.218 0.39  0.495]
[0.207 0.305 0.608 0.195 0.446 0.614]
[0.638 0.264 0.739 0.327 0.588 0.422]
[0.227 0.301 0.54  0.147 0.414 0.485]
[0.312 0.273 0.566 0.366 0.461 0.524]
[0.334 0.671 0.252 0.258 0.252 0.363]
[0.333 0.193 0.804 0.311 0.532 0.346]
[0.341 0.569 0.294 0.242 0.214 0.427]
[0.159 0.367 0.41  0.244 0.374 0.669]
[0.314 0.248 0.48  0.273 0.43  0.416]
[0.393 0.335 0.341 0.469 0.397 0.568]
[0.352 0.373 0.41  0.372 0.258 0.534]
[0.382 0.307 0.44  0.369 0.429 0.478]
[0.495 0.264 0.58  0.602 0.541 0.535]
[0.335 0.308 0.782 0.284 0.527 0.491]
[0.222 0.448 0.436 0.263 0.339 0.546]
[0.391 0.277 0.644 0.231 0.481 0.471]
[0.226 0.39  0.3   0.118 0.231 0.558]
[0.43  0.296 0.504 0.293 0.392 0.4  ]
[0.493 0.335 0.349 0.425 0.45  0.457]
[0.336 0.49  0.364 0.328 0.25  0.55 ]
[0.193 0.409 0.367 0.176 0.278 0.637]
[0.269 0.433 0.435 0.22  0.401 0.583]
[0.445 0.319 0.286 0.519 0.308 0.482]
[0.359 0.276 0.547 0.269 0.481 0.459]
[0.249 0.309 0.349 0.314 0.27  0.516]
[0.261 0.313 0.645 0.188 0.412 0.572]
[0.34  0.323 0.624 0.228 0.415 0.37 ]
[0.28  0.21  0.468 0.26  0.5   0.387]
[0.293 0.286 0.367 0.428 0.329 0.396]
[0.192 0.57  0.563 0.173 0.382 0.431]
[0.265 0.389 0.655 0.194 0.455 0.417]
[0.328 0.321 0.368 0.286 0.337 0.555]
[0.413 0.276 0.497 0.322 0.445 0.449]
[0.148 0.724 0.339 0.391 0.416 0.563]
[0.211 0.585 0.351 0.516 0.596 0.77 ]
[0.316 0.406 0.584 0.288 0.448 0.616]
[0.356 0.281 0.416 0.251 0.486 0.489]
[0.41  0.438 0.437 0.377 0.287 0.431]
[0.3   0.45  0.411 0.303 0.376 0.589]
[0.471 0.198 0.568 0.513 0.615 0.545]
[0.281 0.235 0.66  0.266 0.488 0.376]
[0.287 0.31  0.411 0.337 0.346 0.471]
[0.417 0.517 0.351 0.277 0.25  0.513]
[0.336 0.325 0.559 0.174 0.461 0.5  ]
[0.265 0.357 0.497 0.205 0.344 0.536]
[0.357 0.401 0.446 0.382 0.436 0.562]
[0.258 0.329 0.531 0.173 0.391 0.446]
[0.27  0.314 0.605 0.199 0.488 0.498]
[0.29  0.251 0.706 0.205 0.516 0.386]
[0.526 0.274 0.328 0.552 0.4   0.375]
[0.392 0.337 0.271 0.348 0.254 0.369]
[0.271 0.369 0.75  0.222 0.533 0.664]
[0.468 0.358 0.271 0.309 0.332 0.432]
[0.327 0.459 0.234 0.275 0.266 0.529]
[0.369 0.317 0.384 0.351 0.37  0.39 ]
[0.367 0.324 0.56  0.301 0.531 0.565]
[0.295 0.209 0.655 0.285 0.54  0.32 ]
[0.204 0.297 0.354 0.137 0.329 0.45 ]
[0.327 0.368 0.346 0.23  0.355 0.365]
[0.19  0.218 0.966 0.197 0.615 0.437]
[0.261 0.28  0.321 0.207 0.419 0.505]
[0.324 0.243 0.398 0.3   0.395 0.364]
[0.188 0.3   0.425 0.321 0.407 0.438]
[0.222 0.405 0.271 0.264 0.326 0.424]
[0.267 0.208 0.767 0.243 0.618 0.706]
[0.374 0.291 0.281 0.476 0.299 0.343]
[0.34  0.285 0.334 0.2   0.32  0.408]
[0.379 0.268 0.409 0.295 0.359 0.382]
[0.243 0.225 0.442 0.268 0.339 0.545]
[0.209 0.314 0.228 0.206 0.287 0.508]
[0.259 0.294 0.334 0.152 0.345 0.459]
[0.45  0.29  0.422 0.338 0.336 0.42 ]
[0.268 0.295 0.452 0.164 0.348 0.328]
[0.152 0.386 0.721 0.188 0.466 0.457]
[0.114 0.724 0.667 0.604 0.808 1.263]
[0.311 0.579 0.397 0.356 0.416 0.553]
[0.286 0.288 0.365 0.187 0.275 0.445]
[0.411 0.323 0.524 0.275 0.37  0.585]
[0.347 0.386 0.526 0.373 0.423 0.372]
[0.288 0.383 0.387 0.299 0.304 0.544]
[0.316 0.321 0.349 0.229 0.308 0.352]
[0.111 0.444 0.368 0.319 0.561 0.845]
[0.357 0.314 0.655 0.222 0.473 0.428]
[0.175 0.321 0.515 0.272 0.364 0.452]
[0.308 0.189 0.797 0.205 0.603 0.425]
[0.415 0.262 0.459 0.408 0.411 0.43 ]
[0.341 0.343 0.34  0.362 0.323 0.525]
[0.629 0.318 0.473 0.467 0.36  0.386]
[0.232 0.28  0.451 0.328 0.476 0.556]
[0.342 0.268 0.465 0.251 0.351 0.404]
[0.347 0.353 0.655 0.246 0.438 0.521]
[0.319 0.302 0.291 0.334 0.306 0.401]
[0.308 0.403 0.27  0.259 0.243 0.405]
[0.19  0.331 0.687 0.185 0.518 0.455]
[0.405 0.241 0.668 0.253 0.503 0.566]
[0.329 0.324 0.509 0.301 0.46  0.551]
[0.2   0.405 0.788 0.189 0.476 0.505]
[0.254 0.28  0.636 0.245 0.49  0.523]
[0.434 0.325 0.382 0.47  0.304 0.462]
[0.477 0.385 0.292 0.391 0.193 0.456]
[0.249 0.289 0.473 0.215 0.44  0.497]
[0.224 0.339 0.476 0.348 0.395 0.475]
[0.236 0.226 0.734 0.439 0.61  0.857]
[0.281 0.573 0.413 0.335 0.214 0.45 ]
[0.276 0.416 0.398 0.32  0.263 0.595]
[0.231 0.356 0.375 0.401 0.395 0.605]
[0.211 0.318 0.309 0.203 0.217 0.599]
[0.355 0.311 0.482 0.256 0.313 0.596]
[0.247 0.306 0.531 0.356 0.422 0.438]
[0.222 0.307 0.604 0.208 0.449 0.52 ]
[0.253 0.438 0.296 0.218 0.221 0.66 ]
[0.247 0.314 0.567 0.186 0.343 0.533]
[0.381 0.26  0.431 0.456 0.308 0.554]
[0.467 0.288 0.302 0.394 0.307 0.371]
[0.255 0.429 0.42  0.182 0.227 0.509]
[0.276 0.236 0.494 0.235 0.429 0.622]
[0.079 0.907 0.537 0.41  0.576 1.389]
[0.211 0.637 0.359 0.338 0.303 0.456]
[0.396 0.252 0.65  0.498 0.462 0.576]
[0.206 0.355 0.347 0.307 0.571 0.397]
[0.291 0.279 0.736 0.237 0.475 0.503]
[0.327 0.314 0.289 0.217 0.274 0.357]
[0.511 0.292 0.471 0.284 0.304 0.578]
[0.459 0.26  0.754 0.263 0.524 0.628]
[0.391 0.377 0.488 0.373 0.418 0.427]
[0.33  0.267 0.369 0.239 0.342 0.322]
[0.269 0.242 0.373 0.398 0.373 0.772]
[0.199 0.366 0.349 0.271 0.296 0.498]
[0.214 0.309 0.383 0.303 0.403 0.443]
[0.212 0.415 0.3   0.161 0.261 0.384]
[0.229 0.373 0.465 0.184 0.337 0.453]
[0.298 0.322 0.447 0.208 0.435 0.41 ]
[0.272 0.411 0.319 0.284 0.383 0.41 ]
[0.244 0.378 0.331 0.184 0.323 0.582]
[0.271 0.309 0.453 0.241 0.338 0.459]
[0.414 0.216 0.693 0.273 0.572 0.588]
[0.339 0.414 0.282 0.256 0.239 0.51 ]
[0.588 0.251 0.607 0.485 0.46  0.57 ]
[0.196 0.409 0.464 0.264 0.278 0.542]
[0.279 0.472 0.437 0.197 0.287 0.305]
[0.326 0.339 0.362 0.176 0.37  0.487]
[0.274 0.291 0.25  0.381 0.276 0.287]
[0.408 0.253 0.728 0.248 0.616 0.624]
[0.312 0.43  0.444 0.269 0.417 0.457]
[0.365 0.357 0.371 0.251 0.327 0.49 ]
[0.236 0.355 0.364 0.185 0.297 0.376]
[0.286 0.278 0.537 0.275 0.394 0.566]
[0.267 0.33  0.462 0.27  0.329 0.446]
[0.375 0.321 0.438 0.423 0.456 0.462]
[0.359 0.261 0.444 0.427 0.469 0.356]
[0.352 0.287 0.74  0.239 0.52  0.634]
[0.207 0.407 0.331 0.228 0.258 0.555]
[0.254 0.266 0.234 0.318 0.31  0.498]
[0.229 0.458 0.306 0.189 0.271 0.46 ]
[0.263 0.343 0.471 0.342 0.39  0.342]
[0.259 0.311 0.301 0.169 0.272 0.423]
[0.244 0.296 0.595 0.188 0.451 0.318]
[0.25  0.287 0.384 0.269 0.413 0.584]
[0.224 0.72  0.293 0.404 0.319 0.726]
[0.314 0.283 0.744 0.406 0.543 0.717]
[0.167 0.405 0.239 0.175 0.214 0.48 ]
[0.301 0.254 0.603 0.216 0.544 0.59 ]
[0.241 0.343 0.313 0.175 0.302 0.606]
[0.304 0.232 0.34  0.372 0.352 0.459]
[0.141 0.477 0.246 0.136 0.157 0.43 ]
[0.57  0.283 0.784 0.289 0.453 0.461]
[0.325 0.348 0.331 0.16  0.246 0.358]
[0.172 0.527 0.215 0.139 0.201 0.448]
[0.395 0.259 0.596 0.326 0.454 0.465]
[0.285 0.296 0.303 0.353 0.348 0.415]
[0.321 0.254 0.53  0.363 0.424 0.333]
[0.203 0.281 0.43  0.294 0.325 0.533]
[0.391 0.278 0.673 0.262 0.578 0.542]
[0.29  0.357 0.302 0.337 0.289 0.399]
[0.151 0.355 0.362 0.157 0.31  0.371]
[0.168 0.354 0.314 0.3   0.273 0.334]
[0.283 0.297 0.442 0.194 0.383 0.418]
[0.343 0.306 0.331 0.373 0.358 0.503]
[0.367 0.247 0.391 0.379 0.33  0.389]
[0.223 0.353 0.716 0.175 0.39  0.438]
[0.387 0.348 0.296 0.297 0.227 0.302]
[0.148 0.395 0.281 0.179 0.23  0.57 ]
[0.3   0.348 0.384 0.3   0.348 0.364]
[0.27  0.236 0.383 0.231 0.408 0.461]
[0.218 0.352 0.33  0.176 0.307 0.516]
[0.245 0.335 0.527 0.151 0.234 0.493]
[0.365 0.293 0.533 0.239 0.413 0.431]
[0.365 0.232 0.688 0.287 0.568 0.316]
[0.13  0.599 0.28  0.252 0.27  0.652]
[0.2   0.448 0.35  0.21  0.305 0.472]
[0.218 0.495 0.311 0.228 0.168 0.473]
[0.25  0.273 0.679 0.186 0.505 0.549]
[0.318 0.267 0.696 0.325 0.469 0.475]
[0.31  0.282 0.446 0.171 0.328 0.445]
[0.28  0.43  0.314 0.241 0.312 0.442]
[0.221 0.379 0.395 0.357 0.299 0.27 ]
[0.217 0.32  0.432 0.151 0.348 0.335]
[0.204 0.302 0.354 0.197 0.378 0.42 ]
[0.295 0.232 0.671 0.299 0.502 0.746]
[0.12  0.848 0.425 0.392 0.346 0.972]
[0.225 0.458 0.412 0.373 0.282 0.438]
[0.223 0.561 0.358 0.267 0.212 0.486]
[0.218 0.384 0.448 0.269 0.284 0.393]
[0.302 0.317 0.652 0.312 0.604 0.429]
[0.202 0.41  0.502 0.149 0.263 0.44 ]
[0.218 0.358 0.269 0.246 0.341 0.461]
[0.165 0.358 0.26  0.185 0.236 0.555]
[0.273 0.241 0.493 0.171 0.537 0.371]
[0.418 0.277 0.676 0.22  0.53  0.462]
[0.275 0.331 0.423 0.21  0.29  0.533]
[0.32  0.278 0.453 0.229 0.381 0.413]
[0.152 0.399 0.44  0.143 0.326 0.54 ]
[0.351 0.246 0.475 0.189 0.305 0.451]
[0.243 0.283 0.454 0.195 0.301 0.462]
[0.372 0.274 0.327 0.33  0.391 0.315]
[0.282 0.319 0.448 0.279 0.484 0.478]
[0.309 0.273 0.416 0.235 0.294 0.329]
[0.315 0.281 0.28  0.322 0.381 0.476]
[0.348 0.248 0.678 0.193 0.487 0.525]
[0.162 0.303 0.639 0.294 0.432 0.405]
[0.29  0.306 0.602 0.317 0.42  0.453]
[0.186 0.335 0.326 0.203 0.189 0.371]
[0.13  0.453 0.721 0.162 0.466 0.445]
[0.395 0.252 0.574 0.228 0.417 0.498]
[0.392 0.288 0.419 0.339 0.455 0.788]
[0.243 0.375 0.254 0.183 0.209 0.379]
[0.21  0.259 0.533 0.185 0.383 0.558]
[0.37  0.253 0.707 0.338 0.429 0.413]
[0.265 0.284 0.435 0.26  0.404 0.437]
[0.136 0.403 0.306 0.335 0.308 0.402]
[0.167 0.341 0.511 0.3   0.429 0.511]
[0.284 0.385 0.513 0.231 0.265 0.634]
[0.364 0.306 0.315 0.283 0.244 0.332]
[0.306 0.267 0.468 0.276 0.426 0.538]
[0.179 0.345 0.316 0.153 0.173 0.332]
[0.289 0.255 0.462 0.346 0.395 0.486]
[0.245 0.283 0.28  0.259 0.265 0.342]
[0.259 0.249 0.363 0.277 0.346 0.372]
[0.258 0.303 0.848 0.343 0.533 0.713]
[0.191 0.483 0.354 0.132 0.299 0.659]
[0.204 0.247 0.396 0.298 0.321 0.303]
[0.2   0.442 0.313 0.487 0.306 0.708]
[0.272 0.368 0.545 0.354 1.471 0.471]
[0.277 0.269 0.406 0.232 0.276 0.426]
[0.218 0.26  0.515 0.302 0.51  0.362]
[0.177 0.252 0.791 0.192 0.334 0.765]
[0.269 0.436 0.41  0.137 0.344 0.443]
[0.206 0.295 0.28  0.204 0.243 0.338]
[0.294 0.308 0.297 0.169 0.223 0.565]
[0.186 0.292 0.344 0.118 0.184 0.398]
[0.402 0.261 0.637 0.315 0.565 0.471]
[0.328 0.27  0.703 0.193 0.471 0.405]
[0.261 0.323 0.296 0.331 0.292 0.793]
[0.213 0.32  0.311 0.203 0.249 0.729]
[0.13  0.506 0.316 0.29  0.283 0.51 ]
[0.37  0.286 0.449 0.368 0.469 0.409]
[0.262 0.277 0.449 0.359 0.392 0.443]
[0.284 0.238 0.619 0.211 0.434 0.468]
[0.144 0.351 0.582 0.123 0.273 0.441]
[0.216 0.273 0.694 0.238 0.413 0.449]
[0.137 0.459 0.35  0.286 0.293 0.537]
[0.209 0.321 0.367 0.23  0.244 0.392]
[0.221 0.364 0.499 0.158 0.479 0.554]
[0.206 0.281 0.565 0.212 0.244 0.374]
[0.224 0.319 0.379 0.338 0.321 0.465]
[0.233 0.314 0.298 0.345 0.387 0.453]
[0.343 0.263 0.527 0.279 0.423 0.408]
[0.267 0.259 0.402 0.292 0.458 0.388]
[0.243 0.34  0.306 0.202 0.22  0.427]
[0.237 0.269 0.644 0.214 0.413 0.395]
[0.152 0.469 0.332 0.161 0.225 0.522]
[0.283 0.288 0.305 0.322 0.432 0.526]
[0.229 0.28  0.422 0.274 0.416 0.429]
[0.306 0.238 0.583 0.199 0.397 0.392]
[0.316 0.238 0.684 0.144 0.403 0.411]
[0.143 0.414 0.335 0.133 0.18  0.452]
[0.424 0.201 1.083 0.303 0.671 0.327]
[0.259 0.289 0.648 0.142 0.46  0.643]
[0.168 0.336 0.46  0.137 0.296 0.736]
[0.226 0.283 0.359 0.106 0.221 0.426]
[0.289 0.242 0.43  0.206 0.271 0.575]
[0.082 0.445 0.459 0.109 0.211 0.385]
[0.233 0.3   0.603 0.212 0.477 0.612]
[0.192 0.872 0.385 0.627 0.26  0.543]
[0.229 0.26  0.538 0.22  0.297 0.3  ]
[0.202 0.289 0.581 0.149 0.312 0.92 ]
[0.216 0.442 0.719 0.334 0.42  0.589]
[0.193 0.356 0.293 0.189 0.231 0.644]
[0.31  0.26  0.564 0.302 0.568 0.316]
[0.26  0.284 0.309 0.241 0.322 0.671]
[0.217 0.267 0.368 0.231 0.337 0.481]
[0.231 0.258 0.578 0.193 0.309 0.383]
[0.303 0.261 0.575 0.166 0.315 0.249]
[0.246 0.285 0.523 0.18  0.268 0.333]
[0.136 0.359 0.417 0.106 0.224 0.627]
[0.276 0.282 0.532 0.199 0.377 0.363]
[0.225 0.351 0.375 0.299 0.41  0.385]
[0.262 0.239 0.396 0.276 0.39  0.372]
[0.275 0.299 0.397 0.281 0.421 0.419]
[0.084 0.545 0.289 0.093 0.141 0.534]
[0.119 0.398 0.45  0.093 0.247 0.505]
[0.203 0.29  0.565 0.137 0.347 0.395]
[0.126 0.433 0.234 0.125 0.196 0.575]
[0.205 0.338 0.484 0.177 0.252 0.398]
[0.213 0.252 0.506 0.114 0.425 0.623]
[0.224 0.293 0.386 0.115 0.157 0.346]
[0.27  0.211 0.602 0.302 0.477 0.342]
[0.17  0.416 0.493 0.16  0.381 0.432]
[0.215 0.358 0.449 0.175 0.522 0.662]
[0.256 0.196 0.705 0.171 0.434 0.443]
[0.302 0.216 0.559 0.289 0.65  0.371]
[0.161 0.304 0.303 0.247 0.332 0.365]
[0.251 0.321 0.37  0.185 0.283 0.47 ]
[0.16  0.385 0.378 0.203 0.251 0.302]
[0.238 0.345 0.533 0.136 0.299 0.268]
[0.134 0.31  0.296 0.083 0.176 0.379]
[0.298 0.212 0.531 0.159 0.328 0.495]
[0.344 0.281 0.438 0.252 0.375 0.439]
[0.137 0.457 0.378 0.2   0.298 0.589]
[0.219 0.28  0.272 0.27  0.302 0.447]
[0.183 0.345 0.308 0.138 0.342 0.652]
[0.199 0.26  0.359 0.2   0.331 0.412]
[0.216 0.228 0.635 0.184 0.339 0.368]
[0.264 0.281 0.319 0.259 0.35  0.593]
[0.127 1.208 0.441 0.445 0.253 0.816]
[0.182 0.756 0.296 0.456 0.202 0.679]
[0.32  0.861 0.479 0.473 0.295 0.32 ]
[0.257 0.371 0.422 0.279 0.532 0.511]
[0.174 0.446 0.321 0.121 0.215 0.365]
[0.243 0.264 0.231 0.274 0.411 0.567]
[0.233 0.315 0.338 0.168 0.264 0.421]
[0.172 0.313 0.267 0.216 0.229 0.51 ]
[0.235 0.313 0.358 0.159 0.381 0.754]
[0.277 0.246 0.222 0.362 0.369 0.702]
[0.299 0.257 0.467 0.202 0.253 0.42 ]
[0.269 0.232 0.505 0.206 0.443 0.424]
[0.312 0.244 0.427 0.256 0.618 0.405]
[0.188 0.266 0.266 0.242 0.297 0.389]
[0.168 0.231 0.333 0.178 0.328 0.603]
[0.205 0.245 0.385 0.24  0.416 0.342]
[0.3   0.224 0.48  0.166 0.437 0.288]
[0.263 0.22  0.303 0.294 0.248 0.443]
[0.186 0.374 0.248 0.208 0.187 0.606]
[0.258 0.222 0.442 0.164 0.27  0.519]
[0.435 0.315 0.365 0.173 0.265 0.313]
[0.129 0.33  0.337 0.106 0.317 0.614]
[0.254 0.161 0.542 0.175 0.443 0.455]
[0.238 0.271 0.353 0.316 0.309 0.325]
[0.238 0.35  0.258 0.311 0.353 0.515]
[0.277 0.238 0.555 0.209 0.458 0.445]
[0.24  0.231 0.305 0.237 0.354 0.439]
[0.254 0.296 0.253 0.22  0.156 0.304]
[0.099 0.527 0.214 0.112 0.095 0.457]
[0.329 0.238 0.245 0.406 0.421 0.332]
[0.139 0.306 0.317 0.091 0.242 0.631]
[0.16  0.353 0.338 0.149 0.169 0.552]
[0.214 0.217 0.439 0.218 0.325 0.314]
[0.254 0.218 0.493 0.275 0.485 0.447]
[0.232 0.317 0.24  0.311 0.324 0.49 ]
[0.247 0.221 0.317 0.271 0.38  0.315]
[0.161 0.466 0.242 0.205 0.208 0.503]
[0.246 0.21  0.459 0.18  0.436 0.493]
[0.245 0.257 0.335 0.328 0.305 0.296]
[0.168 0.23  0.317 0.209 0.386 0.338]
[0.195 0.232 0.226 0.236 0.308 0.504]
[0.15  0.386 0.33  0.165 0.222 0.452]
[0.157 1.191 0.393 0.374 0.258 0.573]
[0.367 0.305 0.581 0.281 0.366 0.271]
[0.244 0.246 0.436 0.241 0.333 0.523]
[0.321 0.192 0.394 0.213 0.436 0.453]
[0.142 0.422 0.251 0.098 0.14  0.431]
[0.188 0.294 0.339 0.126 0.157 0.48 ]
[0.181 0.385 0.292 0.196 0.19  0.496]
[0.214 0.243 0.298 0.303 0.333 0.36 ]
[0.18  0.293 0.369 0.178 0.498 0.615]
[0.334 0.18  0.688 0.204 0.336 0.422]
[0.168 0.431 0.245 0.217 0.176 0.508]
[0.231 0.239 0.428 0.237 0.443 0.521]
[0.202 0.28  0.285 0.13  0.171 0.604]
[0.236 0.281 0.232 0.263 0.376 0.549]
[0.2   0.332 0.316 0.287 0.419 0.349]
[0.212 0.313 0.304 0.276 0.333 0.313]
[0.355 0.317 0.235 0.294 0.373 0.643]
[0.232 0.259 0.337 0.132 0.186 0.429]
[0.201 0.242 0.401 0.193 0.45  0.489]
[0.204 0.218 0.281 0.255 0.392 0.414]
[0.156 0.301 0.208 0.194 0.329 0.347]
[0.23  0.191 0.426 0.273 0.384 0.275]
[0.239 0.2   0.316 0.247 0.379 0.317]
[0.255 0.234 0.218 0.294 0.427 0.573]
[0.291 0.238 0.402 0.338 0.417 0.466]
[0.266 0.166 0.525 0.29  0.799 0.327]
[0.238 0.214 0.618 0.152 0.309 0.372]
[0.176 0.323 0.303 0.278 0.422 0.291]
[0.168 0.411 0.196 0.18  0.141 0.528]
[0.225 0.201 0.449 0.185 0.312 0.311]
[0.185 0.375 0.29  0.25  0.27  0.431]
[0.268 0.25  0.568 0.245 0.335 0.279]
[0.214 0.361 0.33  0.183 0.299 0.641]
[0.237 0.304 0.227 0.183 0.245 0.529]
[0.274 0.202 0.44  0.153 0.221 0.399]
[0.18  0.389 0.284 0.212 0.238 0.498]
[0.193 0.199 0.297 0.217 0.446 0.389]
[0.166 0.266 0.364 0.257 0.375 0.328]
[0.271 0.237 0.321 0.127 0.259 0.774]
[0.323 0.205 0.462 0.188 0.308 0.449]
[0.172 0.266 0.236 0.222 0.391 0.318]
[0.175 0.476 0.222 0.221 0.139 0.442]
[0.271 1.685 0.346 0.4   0.185 0.408]
[0.199 0.376 0.448 0.339 0.4   0.625]
[0.161 0.756 0.355 0.281 0.143 0.262]
[0.21  0.204 0.316 0.319 0.726 0.44 ]
[0.242 0.265 0.263 0.406 0.466 0.31 ]
[0.191 0.196 0.366 0.281 0.412 0.388]
[0.199 0.494 0.275 0.3   0.179 0.322]
[0.231 0.21  0.254 0.294 0.456 0.291]
[0.19  0.43  0.184 0.209 0.208 0.477]
[0.244 0.291 0.392 0.303 0.352 0.427]
[0.238 0.221 0.286 0.31  0.5   0.463]
[0.173 0.302 0.293 0.139 0.191 0.673]
[0.254 0.255 0.318 0.148 0.274 0.688]
[0.193 0.189 0.293 0.1   0.194 0.638]
[0.202 0.248 0.253 0.22  0.376 0.243]
[0.264 0.296 0.275 0.278 0.341 0.37 ]
[0.222 0.254 0.289 0.301 0.37  0.302]
[0.265 0.21  0.479 0.242 0.337 0.429]
[0.217 0.269 0.27  0.299 0.431 0.375]
[0.22  0.2   0.19  0.217 0.426 0.474]
[0.218 0.194 0.24  0.226 0.454 0.399]
[0.248 0.254 0.371 0.15  0.314 0.426]
[0.25  0.226 0.502 0.299 0.431 0.368]
[0.257 0.229 0.411 0.188 0.253 0.394]
[0.165 0.222 0.302 0.179 0.387 0.393]
[0.109 0.302 0.245 0.116 0.228 0.719]
[0.178 0.393 0.337 0.15  0.194 0.369]
[0.108 0.367 0.261 0.086 0.156 0.543]
[0.243 0.211 0.213 0.287 0.459 0.36 ]
[0.214 0.175 0.269 0.262 0.483 0.604]
[0.275 0.176 0.387 0.218 0.415 0.303]
[0.175 0.223 0.2   0.174 0.361 0.455]
[0.169 0.286 0.392 0.204 0.308 0.288]
[0.151 0.426 0.225 0.201 0.189 0.494]
[0.295 0.159 0.371 0.223 0.384 0.337]
[0.212 0.266 0.267 0.146 0.132 0.466]
[0.273 0.216 0.376 0.134 0.215 0.421]
[0.229 0.246 0.299 0.239 0.419 0.469]
[0.194 0.33  0.17  0.2   0.188 0.564]
[0.187 0.367 0.311 0.237 0.288 0.402]
[0.146 0.317 0.283 0.092 0.157 0.517]
[0.147 1.305 0.477 0.296 0.288 0.728]
[0.467 0.653 0.446 0.684 0.277 0.425]
[0.233 0.301 0.584 0.228 0.418 0.25 ]
[0.307 0.21  0.564 0.253 0.314 0.342]
[0.242 0.296 0.279 0.145 0.292 0.49 ]
[0.153 0.365 0.343 0.166 0.171 0.294]
[0.168 0.302 0.322 0.098 0.229 0.557]
[0.151 0.25  0.559 0.279 0.479 0.443]
[0.199 0.227 0.44  0.145 0.209 0.333]
[0.178 0.327 0.218 0.235 0.203 0.483]
[0.302 0.204 0.536 0.221 0.27  0.331]
[0.197 0.281 0.434 0.154 0.207 0.336]
[0.204 0.274 0.243 0.295 0.362 0.251]
[0.2   0.26  0.31  0.293 0.463 0.25 ]
[0.171 0.236 0.263 0.186 0.227 0.571]
[0.205 0.219 0.501 0.132 0.304 0.51 ]
[0.169 0.288 0.346 0.168 0.296 0.343]
[0.197 0.293 0.146 0.251 0.428 0.398]
[0.23  0.265 0.301 0.206 0.211 0.303]
[0.176 0.385 0.253 0.242 0.302 0.472]
[0.187 0.275 0.195 0.216 0.414 0.694]
[0.355 0.237 0.429 0.25  0.365 0.371]
[0.193 0.291 0.266 0.266 0.267 0.316]
[0.148 0.297 0.251 0.187 0.179 0.429]
[0.168 0.353 0.153 0.219 0.377 0.328]
[0.221 0.298 0.154 0.288 0.37  0.629]
[0.103 0.286 0.323 0.079 0.16  0.379]
[0.252 0.173 0.552 0.214 0.462 0.342]
[0.195 0.282 0.158 0.268 0.595 0.513]
[0.169 0.292 0.235 0.217 0.269 0.565]
[0.158 0.27  0.318 0.159 0.203 0.468]
[0.262 0.235 0.418 0.238 0.61  0.479]
[0.162 0.283 0.26  0.205 0.199 0.504]
[0.123 0.409 0.18  0.17  0.297 0.4  ]
[0.186 0.316 0.199 0.215 0.195 0.443]
[0.155 0.299 0.244 0.224 0.252 0.444]
[0.22  0.213 0.481 0.149 0.224 0.412]
[0.186 0.326 0.245 0.236 0.251 0.52 ]
[0.08  0.393 0.339 0.083 0.156 0.465]
[0.158 0.334 0.307 0.147 0.207 0.371]
[0.247 0.189 0.476 0.197 0.28  0.351]
[0.254 0.171 0.285 0.246 0.288 0.421]
[0.189 1.41  0.372 0.36  0.225 0.426]
[0.192 0.871 0.401 0.248 0.205 0.66 ]
[0.162 0.236 0.239 0.114 0.123 0.606]
[0.15  0.255 0.326 0.219 0.388 0.255]
[0.189 0.348 0.279 0.259 0.275 0.318]
[0.19  0.261 0.251 0.295 0.501 0.253]
[0.2   0.167 0.487 0.164 0.387 0.378]
[0.186 0.332 0.203 0.306 0.361 0.425]
[0.203 0.342 0.243 0.288 0.283 0.444]
[0.167 0.293 0.276 0.212 0.457 0.286]
[0.221 0.229 0.372 0.231 0.484 0.283]
[0.166 0.297 0.192 0.217 0.416 0.406]
[0.185 0.298 0.314 0.25  0.369 0.238]
[0.177 0.228 0.233 0.202 0.433 0.428]
[0.198 0.261 0.475 0.169 0.272 0.387]
[0.17  0.298 0.183 0.227 0.212 0.608]
[0.185 0.251 0.294 0.259 0.364 0.432]
[0.115 0.351 0.381 0.113 0.141 0.484]
[0.143 0.314 0.232 0.167 0.197 0.841]
[0.141 0.311 0.215 0.235 0.263 0.38 ]
[0.114 0.365 0.187 0.219 0.3   0.436]
[0.171 0.215 0.487 0.18  0.242 0.391]
[0.23  0.167 0.751 0.218 0.398 0.339]
[0.195 0.174 0.777 0.23  0.413 0.513]
[0.202 0.236 0.33  0.221 0.549 0.272]
[0.168 0.158 0.493 0.118 0.212 0.444]
[0.208 0.166 0.543 0.176 0.342 0.413]
[0.23  0.245 0.247 0.281 0.549 0.395]
[0.118 0.464 0.176 0.189 0.124 0.501]
[0.18  0.168 0.709 0.165 0.29  0.401]
[0.193 0.199 0.704 0.208 0.299 0.391]
[0.185 0.177 0.378 0.114 0.185 0.504]
[0.167 0.264 0.26  0.21  0.199 0.627]
[0.255 0.171 0.746 0.217 0.376 0.37 ]
[0.129 0.183 0.362 0.133 0.282 0.51 ]
[0.224 0.206 0.318 0.258 0.494 0.217]
[0.152 0.402 0.149 0.215 0.292 0.613]
[0.121 0.381 0.247 0.201 0.353 0.43 ]
[0.085 0.259 0.263 0.1   0.121 0.338]
[0.141 0.183 0.413 0.15  0.141 0.503]
[0.144 0.307 0.291 0.234 0.246 0.397]
[0.173 0.293 0.168 0.205 0.454 0.46 ]
[0.14  0.999 0.289 0.235 0.311 0.629]
[0.197 0.374 0.4   0.302 0.341 0.346]
[0.256 0.143 0.675 0.178 0.403 0.343]
[0.155 0.216 0.314 0.152 0.219 0.337]
[0.166 0.173 0.319 0.116 0.188 0.409]
[0.215 0.176 0.473 0.166 0.239 0.369]
[0.35  0.14  0.56  0.289 0.541 0.32 ]
[0.225 0.175 0.472 0.198 0.389 0.359]
[0.207 0.264 0.424 0.248 0.561 0.357]
[0.202 0.32  0.299 0.221 0.389 0.256]
[0.198 0.213 0.329 0.164 0.362 0.376]
[0.225 0.196 0.448 0.173 0.328 0.388]
[0.209 0.176 0.541 0.169 0.283 0.308]
[0.192 0.258 0.356 0.17  0.338 0.296]
[0.176 0.164 0.387 0.129 0.237 0.351]
[0.174 0.325 0.195 0.214 0.408 0.4  ]
[0.163 0.272 0.221 0.246 0.172 0.47 ]
[0.105 0.301 0.365 0.114 0.223 0.275]
