[1. 1. 1.]
[1.002 1.002 1.031]
[1.04  1.03  1.014]
[0.995 0.99  1.012]
[1.029 1.004 1.044]
[0.965 1.018 1.016]
[1.084 1.047 0.861]
[1.044 1.024 0.976]
[1.022 1.076 0.96 ]
[0.927 0.987 1.056]
[0.935 1.249 1.073]
[1.097 1.517 1.005]
[0.957 0.974 0.906]
[0.922 1.331 1.046]
[0.892 1.014 0.979]
[0.939 0.877 0.994]
[0.98  1.155 1.062]
[0.949 1.111 1.052]
[1.046 0.826 1.042]
[0.836 1.128 0.873]
[1.038 1.435 1.032]
[0.808 0.971 0.974]
[0.917 0.864 0.938]
[1.122 1.186 1.01 ]
[0.888 1.147 0.885]
[0.804 0.936 0.978]
[0.969 1.132 1.079]
[1.148 0.877 0.956]
[0.868 1.042 0.814]
[0.627 0.9   1.068]
[0.774 0.815 1.035]
[1.004 0.786 0.883]
[0.938 0.634 0.847]
[0.784 0.756 0.86 ]
[0.893 0.947 1.022]
[1.166 1.422 1.055]
[0.985 1.187 1.016]
[0.887 0.893 0.93 ]
[0.821 1.261 1.283]
[1.072 1.015 0.734]
[0.925 1.132 1.151]
[0.618 0.781 1.203]
[0.856 1.032 0.99 ]
[0.728 0.989 0.718]
[0.96  1.031 0.961]
[0.892 0.849 0.821]
[0.698 1.09  0.97 ]
[0.976 1.049 0.87 ]
[0.67  1.01  0.839]
[1.667 2.153 2.533]
[0.781 1.095 1.122]
[0.779 0.739 0.808]
[0.657 0.841 0.736]
[0.907 1.04  1.041]
[0.586 0.899 0.921]
[0.76  0.896 0.855]
[1.072 1.488 1.341]
[0.713 0.885 0.811]
[0.81  1.306 2.433]
[0.914 0.929 0.643]
[0.739 0.7   0.828]
[0.686 0.985 1.056]
[1.089 1.512 1.677]
[0.635 1.134 0.981]
[0.824 1.491 1.768]
[0.674 1.318 1.649]
[1.221 1.44  0.715]
[0.711 0.733 1.008]
[0.738 1.007 0.633]
[0.925 1.069 0.706]
[1.293 1.216 1.021]
[1.446 1.341 0.322]
[0.945 1.303 1.11 ]
[0.718 1.068 0.54 ]
[0.859 1.064 0.77 ]
[0.902 1.175 0.729]
[0.815 2.183 1.549]
[0.558 0.927 0.885]
[2.038 1.265 0.27 ]
[1.223 0.858 1.352]
[1.254 1.527 0.248]
[1.454 1.254 1.434]
[1.652 1.118 0.143]
[1.576 1.665 0.961]
[0.763 0.81  0.913]
[0.954 1.074 0.847]
[0.788 1.035 0.774]
[1.302 1.567 0.653]
[1.779 1.23  0.156]
[1.284 1.107 0.429]
[0.457 1.705 4.284]
[0.633 1.729 4.414]
[2.076 2.182 0.123]
[0.994 0.925 0.462]
[0.624 1.327 1.036]
[1.447 0.966 0.614]
[1.233 1.086 0.626]
[0.943 0.738 0.479]
[1.245 1.326 1.224]
[1.183 1.175 1.015]
[1.815 1.39  0.319]
[0.936 1.127 0.843]
[1.245 1.142 0.71 ]
[1.169 1.447 0.256]
[0.48  0.994 0.885]
[1.407 1.147 0.435]
[0.92  0.885 1.063]
[1.973 1.239 0.517]
[1.414 1.341 0.97 ]
[0.802 0.845 0.562]
[1.173 0.894 0.42 ]
[1.662 1.485 0.554]
[1.204 1.631 0.431]
[0.743 1.082 0.401]
[1.194 1.186 0.726]
[1.165 0.978 1.99 ]
[1.888 1.476 0.342]
[1.126 0.846 0.649]
[0.844 0.894 0.703]
[0.887 0.744 0.52 ]
[2.367 0.893 0.705]
[1.206 1.217 0.766]
[0.449 0.93  0.603]
[1.616 1.244 0.558]
[1.046 1.752 0.418]
[1.032 1.156 0.202]
[0.793 1.356 0.39 ]
[2.057 0.885 0.421]
[1.06  1.378 0.54 ]
[0.877 0.823 0.4  ]
[1.414 1.856 0.209]
[0.896 1.178 0.465]
[0.808 0.938 0.477]
[0.822 0.86  1.52 ]
[0.645 1.863 2.304]
[0.887 0.973 0.282]
[1.091 1.617 1.091]
[0.634 1.141 0.678]
[0.651 0.898 0.761]
[0.76  0.658 0.562]
[0.438 1.765 0.788]
[0.517 0.686 0.756]
[1.263 1.429 0.459]
[1.273 1.079 0.604]
[0.969 1.416 0.464]
[0.439 1.021 0.623]
[0.853 1.311 0.935]
[1.475 1.104 0.444]
[1.148 0.986 0.504]
[0.619 0.763 0.891]
[1.297 1.018 0.336]
[1.038 0.838 1.443]
[1.122 0.553 0.45 ]
[1.247 0.997 0.714]
[0.825 1.114 0.489]
[1.163 1.3   0.424]
[1.106 1.521 0.507]
[0.956 0.791 0.53 ]
[0.937 1.32  0.571]
[0.798 1.345 0.431]
[0.93  1.218 0.66 ]
[1.558 1.131 0.74 ]
[1.115 0.9   0.497]
[0.92  1.015 0.95 ]
[0.618 0.901 0.833]
[0.461 1.256 1.064]
[1.242 1.064 0.473]
[1.277 1.139 1.089]
[1.04  2.027 1.903]
[1.053 0.961 0.299]
[0.575 1.01  1.024]
[0.401 0.896 0.643]
[0.887 0.653 0.541]
[1.961 1.11  0.24 ]
[0.876 0.85  0.645]
[1.082 0.684 0.595]
[1.705 1.412 0.308]
[0.795 0.944 0.333]
[0.784 0.855 0.64 ]
[1.41  0.79  0.886]
[0.99  1.02  0.396]
[1.066 1.555 0.879]
[0.949 0.583 0.478]
[1.333 0.88  0.731]
[1.561 0.831 0.241]
[0.747 1.041 0.414]
[0.965 1.448 1.456]
[1.166 0.807 0.703]
[0.507 2.386 3.821]
[1.354 1.186 0.219]
[1.172 1.066 0.305]
[0.814 1.043 0.507]
[1.211 0.763 0.646]
[1.651 0.981 0.118]
[0.777 0.941 2.155]
[1.541 1.126 0.175]
[0.973 1.819 0.652]
[0.872 1.345 0.723]
[1.217 2.05  0.532]
[1.55  1.294 0.308]
[1.273 1.255 0.984]
[2.118 0.648 0.343]
[1.063 1.178 0.816]
[1.59  0.768 1.02 ]
[0.627 1.21  0.66 ]
[0.836 1.414 1.16 ]
[2.14  1.511 0.08 ]
[1.791 0.812 0.559]
[1.644 1.524 0.19 ]
[1.607 1.307 0.119]
[0.929 1.223 0.293]
[0.964 0.962 0.188]
[0.4   0.932 1.242]
[1.353 1.257 0.75 ]
[1.106 1.157 1.135]
[2.013 0.771 0.824]
[1.375 1.132 0.207]
[0.947 0.759 0.377]
[1.439 0.674 1.545]
[1.367 1.333 0.716]
[1.887 1.296 0.114]
[0.92  0.854 0.353]
[1.488 1.208 0.588]
[1.636 1.343 0.19 ]
[0.915 0.874 0.343]
[1.382 1.266 0.652]
[1.459 1.471 0.432]
[1.232 1.031 0.862]
[0.544 1.278 0.986]
[0.503 0.93  0.477]
[0.708 0.798 0.871]
[0.271 0.882 0.634]
[1.27  0.821 1.282]
[1.025 1.572 0.153]
[0.853 0.823 0.386]
[1.228 1.327 0.649]
[1.371 0.896 0.269]
[1.466 0.862 0.406]
[0.829 0.866 0.535]
[1.429 1.362 0.394]
[2.307 0.818 0.665]
[1.097 1.311 0.635]
[1.494 1.186 0.212]
[3.14  0.745 0.542]
[1.023 1.107 0.653]
[1.505 0.823 0.288]
[1.233 0.85  0.431]
[0.709 1.703 0.993]
[2.137 1.198 0.333]
[1.381 1.262 0.174]
[0.64  0.83  0.318]
[0.515 1.062 0.276]
[1.923 1.163 0.357]
[1.245 0.991 0.237]
[0.837 1.346 0.323]
[1.436 1.18  0.758]
[0.437 1.089 0.711]
[1.854 1.421 0.308]
[0.821 0.623 0.45 ]
[0.844 0.915 1.016]
[0.467 1.272 0.307]
[1.242 1.535 0.182]
[1.454 1.371 0.445]
[0.652 0.696 0.491]
[2.156 0.673 1.078]
[1.533 1.074 0.152]
[1.533 0.504 1.125]
[0.771 1.073 0.417]
[1.323 1.376 0.163]
[0.985 0.801 0.465]
[1.081 0.664 0.274]
[1.332 1.024 0.611]
[1.382 1.176 0.153]
[0.975 1.298 0.508]
[1.066 1.305 1.198]
[1.507 1.231 0.167]
[0.879 0.681 0.324]
[1.543 1.234 0.162]
[0.645 1.158 0.406]
[0.698 1.127 0.297]
[0.501 0.65  0.746]
[1.043 1.265 0.528]
[1.418 1.321 0.118]
[1.045 0.579 0.536]
[0.845 2.005 0.885]
[1.472 1.336 0.159]
[1.497 1.226 0.152]
[1.119 1.246 1.313]
[1.914 1.208 0.158]
[0.856 1.413 0.795]
[0.985 1.497 0.44 ]
[1.867 1.263 0.233]
[0.928 0.649 0.503]
[1.104 1.275 0.668]
[1.98  1.289 0.195]
[1.005 0.846 0.409]
[0.976 1.473 0.938]
[1.575 1.184 0.136]
[4.415 0.99  0.481]
[1.291 0.642 0.445]
[0.997 1.243 0.34 ]
[1.354 1.297 0.205]
[1.324 1.242 0.139]
[0.633 0.648 0.419]
[1.351 1.109 0.269]
[2.83  1.    0.554]
[0.682 1.007 0.392]
[1.726 0.913 0.838]
[1.468 1.199 0.114]
[0.345 1.071 0.5  ]
[1.163 0.909 0.903]
[1.228 1.221 0.335]
[1.802 1.456 0.185]
[0.353 1.21  0.621]
[3.368 0.506 1.076]
[1.16  1.154 0.214]
[0.634 1.003 0.555]
[0.71  0.989 0.517]
[2.12  1.416 0.157]
[0.761 0.796 0.343]
[1.394 1.606 0.447]
[2.202 1.344 0.14 ]
[0.986 0.599 0.426]
[0.671 1.024 0.588]
[1.657 1.289 0.113]
[2.355 0.742 0.59 ]
[1.879 1.328 0.149]
[1.163 1.074 0.397]
[1.252 0.576 0.8  ]
[1.164 0.936 0.856]
[1.189 0.94  0.503]
[2.055 0.591 0.397]
[0.82  0.653 0.397]
[1.413 0.522 0.619]
[1.249 0.752 1.481]
[1.947 1.247 0.508]
[1.671 1.543 0.136]
[1.011 0.739 0.577]
[0.748 1.486 0.749]
[0.347 1.181 0.443]
[0.498 1.034 0.399]
[1.005 1.062 1.315]
[0.742 0.97  1.017]
[1.614 1.208 0.122]
[1.298 1.05  0.47 ]
[2.075 1.082 0.131]
[1.112 0.943 0.455]
[2.075 0.767 0.263]
[0.809 1.056 0.589]
[0.88  0.827 1.394]
[0.729 1.091 1.788]
[1.156 0.946 1.044]
[1.11  0.971 0.965]
[1.408 1.428 0.403]
[1.954 1.272 0.114]
[1.308 0.368 0.802]
[1.396 0.994 0.526]
[1.656 1.376 0.155]
[1.447 1.268 0.179]
[1.231 1.541 0.336]
[1.107 1.464 0.238]
[1.22  1.609 0.135]
[1.231 1.052 1.013]
[1.375 1.194 0.476]
[1.767 1.343 0.148]
[1.737 0.964 0.411]
[1.538 1.394 0.186]
[1.113 0.659 0.603]
[1.388 0.825 0.818]
[0.83  0.84  0.878]
[0.809 1.893 0.272]
[1.199 1.947 0.105]
[0.851 0.968 0.432]
[0.959 1.074 0.753]
[1.271 1.541 0.182]
[0.74  0.833 0.436]
[0.9   0.767 0.427]
[1.497 1.728 0.253]
[1.061 1.413 0.961]
[0.842 0.704 1.479]
[0.752 2.15  0.442]
[1.417 0.857 0.785]
[0.731 0.656 0.473]
[0.927 0.966 0.832]
[1.465 0.968 0.947]
[0.969 1.716 0.6  ]
[1.004 0.995 0.45 ]
[0.847 1.008 1.429]
[1.656 1.563 0.138]
[0.811 0.966 0.535]
[1.683 1.406 0.219]
[2.17  1.358 0.244]
[0.628 0.836 0.535]
[1.322 0.909 0.828]
[0.429 1.393 0.687]
[0.633 0.995 0.731]
[0.456 1.535 0.644]
[0.729 1.387 0.54 ]
[2.146 1.589 0.504]
[0.78  1.333 0.808]
[0.706 0.821 0.516]
[0.673 1.455 0.658]
[1.066 0.384 1.853]
[0.606 1.259 0.636]
[1.833 1.717 0.145]
[1.458 0.771 0.325]
[1.654 1.749 0.191]
[1.234 0.9   1.405]
[1.418 2.111 0.115]
[0.637 1.183 0.633]
[1.1   0.551 1.175]
[0.513 1.306 0.408]
[1.382 1.56  0.486]
[1.785 1.13  0.382]
[1.366 1.544 0.663]
[1.64  0.975 0.6  ]
[1.405 0.716 0.609]
[1.366 0.721 1.298]
[1.184 2.613 0.143]
[1.159 0.675 0.733]
[1.426 0.423 2.896]
[1.543 0.56  1.309]
[1.592 1.333 0.599]
[0.523 1.133 1.626]
[1.401 0.442 1.965]
[0.855 0.644 0.692]
[0.981 0.925 2.038]
[1.308 1.005 1.026]
[1.57  1.774 0.237]
[0.788 0.736 0.462]
[1.546 1.444 0.418]
[0.53  1.332 0.791]
[0.773 0.818 0.599]
[1.104 0.722 0.483]
[0.534 1.448 0.446]
[0.65  1.003 0.453]
[0.583 0.46  1.001]
[0.938 0.994 1.421]
[1.151 2.407 0.514]
[0.625 1.031 0.665]
[0.755 0.886 0.357]
[1.236 0.54  0.694]
[0.725 0.96  0.618]
[1.014 0.714 0.939]
[1.054 0.852 0.458]
[2.017 0.955 0.16 ]
[1.194 0.613 1.658]
[0.927 0.505 2.009]
[1.031 0.917 1.251]
[1.219 0.533 1.188]
[0.418 1.191 0.541]
[0.684 1.063 0.436]
[1.132 1.152 0.433]
[1.838 0.833 0.315]
[2.069 0.852 0.224]
[0.834 1.751 0.98 ]
[0.511 1.304 0.655]
[1.481 0.497 1.387]
[1.253 3.061 0.15 ]
[0.796 1.259 1.218]
[0.766 0.702 0.566]
[0.576 1.278 0.452]
[0.383 1.558 1.078]
[0.9   1.238 0.518]
[1.924 1.072 0.265]
[1.313 0.724 1.142]
[0.472 1.048 0.751]
[1.17  0.766 1.581]
[1.046 0.714 1.48 ]
[1.069 0.534 0.337]
[0.891 0.906 0.392]
[0.967 0.776 1.485]
[1.069 1.994 0.687]
[0.486 1.482 0.406]
[0.506 1.259 0.366]
[1.058 0.695 0.499]
[1.565 1.365 0.206]
[0.974 0.884 1.296]
[1.195 0.732 1.517]
[0.76  0.905 0.526]
[0.657 0.642 0.484]
[0.95  0.704 0.91 ]
[0.469 1.695 0.462]
[0.73  2.363 0.813]
[0.728 1.247 2.394]
[0.497 1.173 0.448]
[1.366 1.247 0.731]
[0.606 0.713 0.306]
[1.061 1.081 0.775]
[1.263 1.275 0.259]
[0.598 0.712 0.345]
[1.265 0.566 1.978]
[1.563 1.331 0.27 ]
[0.908 0.565 0.698]
[0.615 1.294 0.462]
[0.832 1.079 0.916]
[0.717 1.413 2.477]
[1.585 1.142 0.184]
[1.426 1.344 0.227]
[1.195 1.783 0.208]
[0.551 0.793 0.39 ]
[0.903 0.717 1.76 ]
[1.381 1.482 0.174]
[1.57  0.582 0.442]
[0.644 1.245 1.974]
[0.963 1.657 0.913]
[0.655 0.584 0.496]
[0.708 1.377 3.677]
[0.975 0.668 2.295]
[0.505 1.359 0.668]
[0.798 0.679 0.464]
[0.862 0.656 2.   ]
[0.846 0.688 0.673]
[1.201 0.527 1.999]
[1.218 2.004 0.165]
[0.99  0.547 0.347]
[1.558 1.189 0.194]
[1.441 0.524 2.048]
[1.042 1.196 0.391]
[1.797 1.187 0.189]
[0.795 1.476 0.632]
[0.901 0.922 2.275]
[1.435 1.317 0.147]
[0.596 1.554 1.433]
[0.81  1.694 0.399]
[0.849 0.826 1.748]
[1.324 2.248 0.58 ]
[0.805 0.579 0.433]
[0.457 1.246 0.462]
[1.657 0.975 0.287]
[0.531 0.893 2.483]
[1.038 1.155 0.424]
[1.153 1.12  0.701]
[1.685 0.553 0.534]
[0.992 0.908 1.42 ]
[1.336 1.994 0.218]
[0.736 0.64  0.562]
[0.977 0.793 1.763]
[0.964 0.535 0.379]
[1.197 0.904 1.165]
[0.741 2.39  0.281]
[1.279 0.588 0.293]
[0.777 1.413 0.999]
[0.559 0.916 0.585]
[0.919 2.934 0.202]
[1.195 0.833 0.459]
[0.885 0.91  1.776]
[0.885 1.075 0.332]
[1.332 1.615 0.266]
[0.856 0.265 1.311]
[0.514 1.424 0.793]
[0.522 1.959 0.357]
[0.404 1.605 1.222]
[0.451 2.244 0.364]
[0.186 0.431 6.697]
[0.703 1.144 0.6  ]
[0.814 1.014 0.547]
[1.664 1.615 0.203]
[1.451 1.663 0.238]
[0.986 0.622 0.358]
[0.987 0.802 1.641]
[0.926 1.197 0.541]
[0.817 0.913 1.459]
[0.777 0.918 1.817]
[1.171 0.417 2.097]
[1.021 0.876 0.275]
[0.534 0.968 0.69 ]
[1.095 0.977 0.403]
[0.907 1.769 0.74 ]
[1.18  0.729 0.413]
[0.835 0.68  0.549]
[0.92  0.827 1.421]
[1.385 2.047 0.414]
[1.102 0.611 0.697]
[1.712 0.425 2.746]
[1.014 1.383 0.615]
[1.746 1.828 0.231]
[0.778 0.401 1.49 ]
[1.768 1.974 0.396]
[0.906 0.765 0.648]
[0.907 0.838 2.193]
[1.1   2.917 0.214]
[0.924 0.521 2.529]
[1.253 0.865 1.262]
[1.043 2.216 0.584]
[0.901 1.173 1.197]
[1.6   1.895 0.244]
[0.788 0.562 0.349]
[1.05  0.709 0.73 ]
[0.316 0.571 3.277]
[0.593 1.535 0.574]
[1.027 0.922 0.493]
[0.779 0.47  0.637]
[0.67  0.72  2.493]
[0.861 0.51  0.396]
[1.293 2.057 0.259]
[0.668 0.61  0.386]
[1.311 1.696 0.652]
[0.912 0.626 0.441]
[1.973 1.323 0.768]
[1.202 0.742 0.879]
[1.572 4.398 0.248]
[1.328 0.842 0.865]
[0.591 1.497 0.461]
[0.666 1.319 0.688]
[1.137 0.84  1.85 ]
[0.877 1.558 0.748]
[1.713 1.336 0.805]
[1.391 2.042 0.164]
[1.001 0.468 0.313]
[1.074 0.842 1.382]
[1.378 1.6   1.161]
[3.084 1.958 0.277]
[0.766 1.    0.641]
[0.584 0.634 0.742]
[1.467 1.444 1.491]
[1.414 0.457 0.425]
[0.698 1.162 0.485]
[1.357 3.034 0.137]
[1.795 0.637 1.525]
[0.742 0.648 0.386]
[0.566 1.369 0.332]
[1.277 0.657 0.497]
[1.119 0.705 0.685]
[1.515 0.69  2.167]
[1.068 0.582 0.828]
[2.096 1.825 0.151]
[0.92  1.042 0.987]
[1.581 1.458 0.216]
[0.854 1.143 3.12 ]
[0.669 2.261 0.573]
[0.768 0.484 1.088]
[0.966 0.621 0.42 ]
[0.985 1.519 1.091]
[1.099 0.724 1.167]
[2.154 0.87  0.299]
[1.074 0.628 2.027]
[0.676 0.425 1.211]
[2.942 1.372 0.414]
[0.971 0.528 0.464]
[0.647 1.64  1.121]
[1.918 1.019 1.398]
[1.578 0.621 1.135]
[0.407 1.304 0.769]
[2.391 0.664 0.5  ]
[3.109 1.071 0.568]
[0.795 0.472 0.598]
[0.787 0.437 1.373]
[1.283 1.584 0.214]
[0.819 0.89  0.734]
[1.123 0.95  1.034]
[2.028 1.223 0.214]
[0.99  1.213 0.575]
[0.921 0.655 0.406]
[0.48  1.04  1.107]
[0.712 1.221 0.742]
[0.862 1.088 1.222]
[0.492 1.112 1.079]
[1.847 1.217 0.332]
[1.271 2.638 0.146]
[1.44  0.671 0.308]
[1.927 1.852 0.184]
[0.864 0.688 1.233]
[1.193 2.115 0.213]
[0.764 1.129 0.79 ]
[0.914 3.618 0.14 ]
[0.903 0.553 0.34 ]
[0.4   1.345 0.691]
[0.789 1.204 0.956]
[0.646 0.843 0.55 ]
[0.632 1.245 0.564]
[0.729 1.146 0.453]
[0.838 1.243 0.956]
[0.714 0.751 0.888]
[0.948 0.386 0.389]
[0.787 1.445 0.974]
[0.772 0.243 1.528]
[0.685 0.797 0.519]
[0.84  0.513 0.476]
[1.471 1.324 0.25 ]
[0.811 1.814 0.225]
[0.58  1.107 1.34 ]
[0.986 2.098 0.225]
[1.548 0.534 0.588]
[0.444 1.172 0.668]
[1.068 1.072 0.608]
[0.644 0.791 0.884]
[0.888 1.72  0.263]
[0.84  2.224 0.25 ]
[1.64  0.84  0.864]
[1.495 0.328 2.355]
[1.523 0.53  0.64 ]
[1.31  0.902 1.253]
[2.166 0.438 1.363]
[2.622 0.519 1.113]
[0.669 1.269 1.177]
[1.124 1.946 0.178]
[0.327 1.449 0.676]
[1.247 1.464 0.849]
[0.341 2.961 0.128]
[1.453 1.363 0.927]
[0.918 1.291 0.581]
[0.808 1.051 0.594]
[1.213 1.204 0.428]
[0.454 0.935 0.843]
[1.006 1.405 0.965]
[0.429 1.285 0.422]
[1.084 2.366 0.228]
[2.883 1.025 0.189]
[0.436 0.401 0.664]
[1.399 2.966 0.169]
[0.989 0.46  0.323]
[0.869 1.712 0.923]
[0.483 1.131 0.367]
[1.703 0.718 1.435]
[1.362 1.199 0.358]
[1.061 0.206 0.681]
[0.914 0.892 0.372]
[0.833 0.513 0.328]
[1.577 0.808 0.221]
[1.019 1.522 0.898]
[0.542 0.635 1.457]
[0.785 1.542 1.925]
[2.483 0.394 0.264]
[0.854 1.299 0.206]
[0.859 1.756 0.52 ]
[0.413 1.144 0.636]
[0.589 1.25  0.457]
[4.341 1.238 0.655]
[0.921 2.123 0.319]
[1.195 0.658 0.377]
[1.319 0.563 1.084]
[0.331 0.999 0.412]
[0.603 0.903 1.732]
[4.027 0.138 0.452]
[1.108 0.683 0.501]
[0.035 5.354 2.412]
[0.763 2.256 0.239]
[1.187 1.626 0.2  ]
[0.468 4.45  0.296]
[1.696 0.577 0.574]
[0.901 2.407 0.189]
[2.136 1.693 0.197]
[0.936 1.641 0.212]
[0.755 0.993 0.403]
[0.248 1.88  3.843]
[0.687 1.672 0.314]
[2.364 0.773 0.355]
[1.975 0.634 1.109]
[1.561 0.867 0.188]
[0.585 0.459 0.61 ]
[0.701 0.703 0.552]
[0.793 0.66  1.973]
[0.8   0.702 0.419]
[0.752 0.317 0.88 ]
[0.625 0.809 0.326]
[0.55  0.286 0.777]
[0.572 0.83  0.455]
[1.303 2.479 0.146]
[0.483 0.381 0.666]
[0.695 1.102 0.411]
[0.936 1.846 0.24 ]
[1.132 2.247 0.208]
[0.404 1.638 0.882]
[0.925 0.919 0.96 ]
[0.543 0.639 0.453]
[1.106 1.103 0.841]
[1.321 0.98  1.314]
[0.845 0.523 0.379]
[0.762 0.419 0.5  ]
[2.219 0.732 0.542]
[0.802 3.219 0.185]
[0.781 0.481 0.249]
[0.886 0.4   0.358]
[0.53  0.784 0.335]
[1.839 0.494 1.413]
[2.269 0.613 1.013]
[0.639 0.636 0.397]
[0.406 2.567 1.084]
[0.623 1.055 0.931]
[0.71  1.122 1.207]
[1.04  1.655 0.214]
[1.048 0.723 0.395]
[0.586 0.868 0.288]
[0.59  1.056 1.045]
[0.566 2.009 0.439]
[1.456 1.438 0.199]
[0.689 1.037 0.858]
[1.427 1.017 0.619]
[2.541 0.789 1.234]
[0.565 0.717 1.873]
[0.746 2.867 0.194]
[0.925 0.488 0.284]
[0.569 1.219 1.102]
[1.136 1.5   0.21 ]
[1.026 1.857 1.119]
[1.301 0.935 0.364]
[0.652 1.037 0.262]
[0.623 3.366 0.329]
[0.485 1.077 0.488]
[0.356 1.321 0.785]
[0.753 1.77  0.587]
[1.641 1.195 0.234]
[1.556 1.427 0.255]
[0.991 0.576 0.459]
[1.572 1.375 0.272]
[3.483 1.446 0.122]
[3.149 2.98  0.182]
[0.709 0.879 0.438]
[0.545 0.685 0.268]
[0.705 1.994 0.315]
[0.607 1.396 0.323]
[0.521 1.184 0.436]
[0.517 0.781 0.665]
[0.617 1.144 0.434]
[1.023 0.341 0.298]
[0.407 1.207 0.977]
[1.215 0.753 0.426]
[2.037 0.403 0.366]
[0.406 0.75  0.811]
[2.724 1.892 1.148]
[1.146 2.166 0.771]
[0.628 0.762 0.324]
[0.667 2.167 0.537]
[0.474 0.386 0.567]
[1.329 0.425 0.327]
[0.618 0.494 0.766]
[1.059 0.479 1.287]
[0.895 1.166 0.743]
[2.472 2.537 0.208]
[1.171 1.086 1.42 ]
[0.866 0.259 0.476]
[1.003 0.346 0.32 ]
[1.436 5.035 2.258]
[1.569 1.175 0.549]
[0.358 1.641 1.808]
[0.807 0.749 0.531]
[1.636 1.788 0.209]
[0.709 1.044 1.662]
[2.093 0.852 0.202]
[0.798 5.123 0.15 ]
[1.193 1.065 0.186]
[0.938 3.026 0.147]
[2.194 1.16  1.445]
[0.863 1.683 0.845]
[1.164 1.427 0.245]
[1.805 0.913 0.15 ]
[1.148 1.109 1.457]
[0.692 0.483 0.352]
[1.091 2.508 0.126]
[1.246 0.533 1.362]
[1.593 1.193 0.239]
[1.169 1.222 0.193]
[7.553 0.589 0.263]
[0.778 2.809 0.125]
[0.804 0.424 0.314]
[1.338 0.669 1.209]
[1.868 1.178 0.067]
[1.907 0.622 1.401]
[1.19  0.922 1.   ]
[0.563 0.309 0.357]
[0.983 0.946 1.921]
[1.246 0.696 0.175]
[1.259 1.139 1.096]
[1.27  1.336 0.17 ]
[2.703 0.269 0.319]
[0.75  1.811 0.164]
[1.416 0.776 0.171]
[6.313 0.606 0.065]
[3.246 0.508 1.23 ]
[1.913 0.273 0.363]
[1.214 0.31  0.292]
[0.686 0.718 0.346]
[1.385 1.517 1.452]
[0.778 1.32  0.39 ]
[2.124 1.429 0.178]
[1.191 1.323 0.138]
[1.185 1.293 0.116]
[0.767 0.87  0.288]
[1.089 1.584 0.195]
[1.568 0.793 0.139]
[1.039 1.286 0.519]
[0.88  1.198 0.2  ]
[0.938 0.406 0.998]
[1.892 1.321 0.119]
[0.927 0.364 0.341]
[0.939 1.518 0.812]
[1.369 0.814 0.197]
[0.348 0.84  0.596]
[1.213 0.895 0.11 ]
[0.915 0.612 0.31 ]
[0.692 0.751 0.772]
[0.546 0.495 0.537]
[1.461 0.969 0.696]
[1.484 0.215 0.208]
[0.488 0.681 0.902]
[1.76  1.028 0.159]
[0.938 0.429 0.267]
[0.568 0.464 0.45 ]
[0.515 0.405 0.43 ]
[1.715 0.645 0.758]
[1.264 1.079 0.728]
[1.349 1.322 0.123]
[1.136 0.605 0.304]
[0.689 0.947 0.396]
[1.361 0.759 0.283]
[1.434 0.636 1.091]
[1.089 0.711 0.157]
[0.323 1.516 0.521]
[1.141 0.387 0.206]
[1.91  0.562 0.113]
[0.353 1.824 0.545]
[0.535 1.038 0.32 ]
[0.312 1.211 0.869]
[1.585 1.281 0.089]
[0.412 0.835 2.499]
[1.12  1.357 0.348]
[1.636 0.897 0.424]
[0.312 0.729 0.626]
[0.675 0.885 2.832]
[0.965 1.03  0.686]
[1.456 1.094 0.398]
[0.937 0.704 0.272]
[1.959 1.358 0.207]
[0.903 1.562 0.197]
[1.806 0.832 0.252]
[1.02  0.756 1.407]
[1.692 0.578 0.985]
[1.334 0.525 0.104]
[1.48  0.899 0.282]
[1.594 0.728 1.592]
[1.082 0.509 0.239]
[1.159 0.797 0.563]
[1.689 0.817 0.774]
[1.536 1.243 0.195]
[1.655 0.612 0.35 ]
[0.724 0.752 0.286]
[1.038 0.458 0.689]
[1.101 0.38  0.193]
[0.978 1.272 2.173]
[0.981 0.882 0.491]
[0.97  0.857 1.295]
[0.759 0.89  1.772]
[1.456 1.102 0.146]
[3.346 0.891 0.096]
[0.979 0.526 0.459]
[1.189 0.888 0.159]
[1.952 0.675 1.398]
[1.339 0.447 0.161]
[0.45  0.67  0.693]
[0.88  0.539 1.88 ]
[1.368 1.291 0.196]
[1.086 0.759 0.91 ]
[1.215 1.547 0.098]
[1.606 0.691 1.477]
[0.445 0.832 0.255]
[0.555 0.833 0.358]
[1.141 0.717 1.792]
[2.011 0.545 1.536]
[1.014 0.394 0.133]
[0.979 0.548 0.266]
[0.494 0.621 0.357]
[0.249 1.131 0.765]
[0.34  0.845 0.489]
[0.634 1.033 0.449]
[0.579 0.532 0.313]
[0.766 0.678 1.868]
[1.639 0.655 1.117]
[0.97  1.627 0.115]
[1.068 0.89  0.243]
[1.221 0.469 0.824]
[1.611 0.718 0.178]
[0.995 1.381 0.174]
[0.824 0.504 0.236]
[1.546 0.651 0.155]
[1.028 1.057 0.957]
[0.874 0.81  0.298]
[1.181 0.43  0.152]
