[1. 1. 1. 1. 1. 1.]
[1.009 0.966 1.049 0.976 0.954 1.014]
[0.924 0.937 0.974 0.961 0.98  1.091]
[0.931 1.02  0.993 0.997 1.024 1.011]
[0.912 0.998 0.962 1.087 1.077 0.96 ]
[1.087 1.019 1.015 0.957 0.995 1.001]
[0.976 1.027 0.866 1.017 1.005 0.948]
[1.025 0.805 0.95  0.949 0.922 1.048]
[1.013 0.988 1.091 0.888 0.933 1.052]
[1.212 1.153 1.098 0.897 0.778 1.011]
[1.079 0.953 1.089 0.918 0.939 1.145]
[0.882 0.815 1.226 0.885 1.014 0.834]
[1.26  0.682 1.278 0.689 0.655 0.977]
[1.313 1.003 1.131 1.099 1.033 0.938]
[0.944 0.987 0.992 1.01  0.902 1.191]
[0.836 0.978 1.121 0.918 1.177 0.97 ]
[1.031 1.357 0.883 0.997 0.804 0.935]
[1.047 1.052 1.    0.895 0.879 1.015]
[1.136 1.117 1.079 1.024 0.808 0.903]
[1.148 0.902 1.081 1.169 0.732 1.024]
[1.13  0.978 1.184 1.056 1.022 1.252]
[1.079 0.981 0.887 1.329 0.83  0.952]
[1.139 1.154 1.028 1.18  0.64  1.07 ]
[0.93  0.854 0.856 0.879 0.864 0.788]
[1.109 0.889 1.147 0.9   0.923 0.962]
[1.333 1.269 0.988 0.964 1.071 0.857]
[1.006 1.037 0.992 1.066 1.12  0.778]
[1.228 0.871 1.14  1.128 1.034 0.958]
[0.894 0.806 0.874 0.844 0.85  0.891]
[0.831 0.551 1.31  0.667 0.635 0.843]
[1.067 1.027 0.969 1.151 1.064 0.834]
[1.448 1.362 1.062 0.965 0.776 1.088]
[0.959 0.989 0.984 1.137 0.723 0.938]
[0.938 0.822 1.007 0.954 0.738 0.889]
[0.799 0.842 0.862 1.078 0.875 0.915]
[1.005 0.679 1.056 0.708 0.54  1.072]
[1.141 1.084 1.071 0.948 1.095 0.828]
[1.075 0.869 0.877 1.042 0.716 1.109]
[1.218 1.188 1.039 0.944 0.879 1.081]
[0.892 0.704 1.057 0.778 0.769 0.868]
[0.862 0.637 0.974 0.933 0.59  1.062]
[1.006 0.928 0.994 0.896 0.727 0.883]
[0.833 0.678 1.029 0.804 0.834 0.774]
[0.791 0.823 1.089 1.032 0.886 0.789]
[0.831 1.268 0.911 1.321 1.486 0.999]
[0.792 0.683 0.924 0.892 0.778 0.776]
[0.945 0.693 1.564 0.651 0.927 0.721]
[0.878 1.046 0.939 0.936 0.788 1.025]
[0.833 1.002 0.984 0.866 1.111 0.931]
[1.174 1.771 0.938 0.861 1.082 0.968]
[0.918 1.036 1.02  0.944 0.937 0.973]
[1.002 1.054 1.323 0.661 1.093 0.798]
[1.035 0.858 0.793 0.921 0.623 0.985]
[0.792 0.834 0.823 1.009 0.87  0.882]
[0.82  0.635 1.014 0.816 0.833 0.886]
[0.883 0.897 1.054 0.931 1.091 0.986]
[1.133 1.178 1.107 0.755 0.661 1.05 ]
[0.821 1.029 1.059 0.796 0.912 1.071]
[0.761 0.952 0.76  0.994 1.261 0.98 ]
[0.881 0.793 0.953 0.765 0.893 0.945]
[0.951 1.044 0.928 0.868 0.942 0.848]
[0.938 1.054 1.037 0.83  0.981 0.96 ]
[1.216 1.671 1.069 0.906 0.848 0.882]
[0.857 1.112 0.73  0.939 1.024 0.879]
[1.216 1.428 0.777 1.009 0.716 0.948]
[0.784 0.955 0.851 0.855 0.701 1.131]
[1.252 1.323 1.407 0.812 0.478 0.804]
[0.711 0.621 0.904 0.963 0.71  0.976]
[0.742 0.7   0.791 0.937 1.09  0.912]
[0.775 0.617 0.841 0.917 0.868 0.924]
[0.907 0.983 0.89  0.877 1.188 0.867]
[0.895 0.989 0.785 0.881 0.838 0.962]
[0.851 0.984 0.986 0.789 0.613 0.821]
[0.829 1.048 0.829 0.619 1.045 0.92 ]
[0.975 0.9   0.998 1.028 0.738 0.962]
[0.83  0.633 0.919 0.812 0.504 0.807]
[0.774 0.656 0.827 0.809 0.721 1.255]
[0.882 0.59  1.043 0.691 0.804 0.947]
[0.953 0.886 0.915 0.848 0.81  1.101]
[0.916 0.888 0.839 0.667 1.241 0.941]
[0.899 0.856 0.787 0.749 0.688 0.835]
[1.075 1.061 1.024 0.722 0.782 0.908]
[0.827 0.634 0.888 0.639 0.678 0.756]
[0.842 0.707 0.696 0.608 0.643 0.803]
[0.781 0.613 0.982 1.328 0.746 0.695]
[0.667 0.902 0.935 0.878 0.636 0.725]
[0.686 0.91  1.196 0.933 1.268 1.086]
[0.974 0.7   0.964 0.826 0.633 1.043]
[0.958 0.89  1.032 0.879 0.67  0.89 ]
[0.721 0.765 0.663 0.979 0.76  0.535]
[0.718 0.94  0.886 1.268 0.905 0.547]
[0.884 0.908 0.842 0.567 0.606 0.951]
[0.561 0.688 1.342 0.741 0.793 1.191]
[0.633 0.797 0.73  0.849 0.893 0.927]
[0.779 0.919 0.739 0.816 1.13  0.99 ]
[1.806 2.168 0.651 1.224 1.59  0.568]
[1.041 0.991 0.982 0.752 0.601 1.008]
[0.842 0.773 0.97  0.86  0.65  0.919]
[0.8   0.991 0.785 0.587 0.719 0.946]
[0.998 1.055 0.699 0.601 0.718 1.006]
[0.802 1.195 0.92  0.773 0.841 0.934]
[0.777 0.631 0.863 0.692 0.552 0.787]
[0.762 0.608 0.786 0.606 0.732 0.735]
[0.717 1.031 1.002 0.597 0.744 1.005]
[0.766 0.965 1.123 0.719 0.816 0.986]
[0.673 0.66  0.745 0.62  0.648 0.889]
[0.732 0.69  0.869 1.018 0.832 0.975]
[0.807 0.947 0.744 0.634 0.813 0.842]
[0.895 0.798 0.775 0.698 0.677 0.9  ]
[0.655 0.84  1.027 0.71  0.791 0.843]
[0.747 0.599 0.804 0.684 0.578 0.732]
[0.605 0.904 0.56  0.58  0.919 0.819]
[0.69  0.741 0.71  0.644 0.877 0.788]
[0.756 0.809 0.816 0.692 0.594 0.874]
[0.81  0.644 0.844 0.642 0.495 0.848]
[0.65  0.76  0.964 0.7   0.602 0.728]
[0.773 0.632 0.796 0.798 0.902 0.648]
[1.07  1.23  0.601 0.648 0.702 0.857]
[0.8   0.679 0.689 0.698 0.654 0.996]
[0.782 0.597 0.654 0.629 0.703 0.808]
[1.048 0.638 0.778 0.862 0.559 0.629]
[0.775 1.204 0.829 0.796 0.935 0.743]
[0.656 0.857 0.868 0.635 0.53  0.949]
[0.841 0.832 0.758 0.705 0.75  0.821]
[0.557 0.724 0.854 0.524 0.852 0.722]
[0.731 0.823 0.985 0.81  0.617 0.61 ]
[0.602 0.743 1.034 0.96  1.044 0.559]
[0.613 0.811 0.852 0.678 0.791 0.689]
[0.783 1.365 0.868 1.287 1.225 0.495]
[0.505 1.015 1.251 0.869 0.926 0.498]
[0.932 0.679 0.847 0.832 0.481 0.743]
[0.852 1.072 0.686 0.576 0.776 0.603]
[0.761 0.55  0.836 0.506 0.425 0.67 ]
[0.746 0.849 0.938 0.9   0.658 0.842]
[0.508 0.702 1.004 0.664 0.694 0.731]
[0.619 0.774 0.777 0.557 0.376 0.796]
[0.729 0.845 0.686 0.627 0.65  0.756]
[0.614 0.587 0.686 0.538 0.653 0.58 ]
[0.802 0.795 0.709 0.564 0.678 0.706]
[0.75  0.981 0.737 0.592 0.468 0.883]
[0.733 0.631 0.669 0.51  0.614 0.619]
[1.033 0.609 0.618 0.761 0.621 0.49 ]
[0.619 0.7   0.825 0.804 0.68  0.72 ]
[0.687 0.469 0.947 0.729 0.546 0.517]
[0.692 0.615 0.736 0.671 0.635 0.608]
[0.767 0.794 0.955 0.66  0.577 0.558]
[0.716 0.663 0.735 0.642 0.649 0.733]
[0.535 0.907 0.695 0.6   0.483 1.051]
[0.606 0.642 0.747 0.561 0.603 0.695]
[0.599 0.439 0.802 0.616 0.773 0.492]
[0.474 0.489 0.615 0.477 0.702 0.536]
[0.978 0.974 0.619 0.45  0.692 0.601]
[0.732 0.431 0.816 0.745 0.531 0.564]
[0.469 0.575 0.924 0.632 0.509 0.696]
[0.707 0.837 0.62  0.609 0.516 0.782]
[0.488 1.102 0.719 0.852 1.14  0.573]
[0.777 1.105 0.77  0.726 0.617 0.791]
[0.748 0.573 0.599 0.564 0.535 0.546]
[0.57  0.819 0.766 0.458 0.509 0.625]
[0.578 0.988 0.533 0.582 0.74  0.855]
[0.627 1.035 0.699 0.524 0.618 0.812]
[0.502 0.626 0.702 0.552 0.482 0.748]
[0.611 0.928 0.712 0.573 0.504 0.971]
[0.65  0.612 0.665 0.708 0.531 0.78 ]
[0.655 0.515 0.555 0.52  0.533 0.555]
[0.704 0.504 0.887 0.391 0.671 0.506]
[0.672 0.653 0.645 0.487 0.47  0.655]
[1.365 1.162 1.045 1.139 1.457 0.359]
[0.59  1.3   1.098 1.476 0.717 0.554]
[0.573 0.72  1.02  0.509 0.528 0.674]
[0.634 0.686 0.744 0.417 0.499 0.664]
[0.94  0.68  0.654 0.553 0.467 0.552]
[0.52  0.695 0.669 0.594 0.709 0.664]
[0.385 0.927 1.276 1.064 0.549 0.718]
[0.743 0.667 0.786 0.597 0.546 0.715]
[0.788 0.761 0.578 0.812 0.563 0.837]
[0.557 0.907 0.656 0.536 0.878 0.458]
[0.708 0.526 0.529 0.644 0.432 0.706]
[0.862 0.493 0.484 0.503 0.488 0.621]
[0.436 0.531 0.805 0.414 0.476 0.66 ]
[0.555 0.684 1.039 0.589 0.472 0.512]
[0.643 0.591 0.661 0.496 0.574 0.593]
[0.751 0.612 0.791 0.577 0.469 0.817]
[0.459 0.586 0.851 0.507 0.491 0.705]
[0.756 0.564 0.465 0.565 0.628 0.471]
[0.606 0.621 0.983 0.484 0.395 0.68 ]
[0.723 0.675 0.661 0.656 0.642 0.597]
[0.507 0.44  0.642 0.583 0.5   0.53 ]
[0.766 0.789 0.884 0.486 0.647 0.686]
[0.509 0.431 0.799 0.423 0.515 0.383]
[0.467 0.628 0.719 0.547 0.787 0.546]
[0.52  0.525 0.728 0.435 0.483 0.718]
[0.546 0.461 0.831 0.42  0.428 0.399]
[0.578 0.6   0.691 0.505 0.351 0.611]
[0.611 0.622 0.661 0.536 0.604 0.584]
[0.698 0.755 0.692 0.946 0.438 0.913]
[0.413 0.599 0.572 0.341 0.484 0.673]
[0.599 0.457 0.603 0.511 0.483 0.57 ]
[0.526 0.511 0.51  0.431 0.647 0.423]
[0.86  0.648 0.667 0.391 0.559 0.591]
[0.504 0.63  0.543 0.44  0.671 0.516]
[0.605 0.53  0.567 0.711 0.491 0.562]
[0.731 0.643 0.961 0.679 0.442 0.676]
[0.6   0.489 0.653 0.442 0.447 0.623]
[0.793 0.69  0.815 0.537 0.5   0.552]
[0.665 0.66  0.653 0.522 0.62  0.757]
[0.903 0.739 0.519 0.525 0.607 0.652]
[0.521 0.535 0.499 0.318 0.51  0.629]
[0.431 0.431 0.596 0.356 0.527 0.43 ]
[0.755 0.767 1.13  0.622 0.598 0.61 ]
[0.427 0.561 0.749 0.441 0.385 0.741]
[0.718 0.463 0.585 0.562 0.491 0.663]
[0.383 0.469 0.496 0.342 0.595 0.62 ]
[0.495 0.622 0.832 0.648 0.483 0.64 ]
[0.493 0.624 1.048 0.609 0.357 0.521]
[0.452 0.73  0.713 0.321 0.57  0.731]
[0.367 0.472 0.595 0.373 0.518 0.606]
[0.394 0.625 0.777 0.307 0.571 0.528]
[1.064 0.568 0.584 0.901 0.53  0.502]
[0.586 0.661 0.614 0.496 0.557 0.484]
[0.817 0.777 0.627 0.523 0.517 0.676]
[0.588 0.544 0.655 0.464 0.448 0.55 ]
[0.487 0.486 0.74  0.66  0.477 0.635]
[0.786 0.552 0.56  0.426 0.494 0.705]
[0.34  0.416 0.634 0.408 0.419 0.684]
[0.604 0.437 0.608 0.59  0.566 0.566]
[0.564 0.457 0.589 0.526 0.475 0.518]
[0.893 0.642 0.573 0.385 0.642 0.57 ]
[0.732 0.556 0.575 0.49  0.485 0.577]
[0.459 0.546 0.607 0.354 0.421 0.577]
[0.298 0.4   0.647 0.35  0.48  0.45 ]
[0.319 0.466 0.732 0.386 0.504 0.585]
[0.822 0.694 0.653 0.62  0.595 0.809]
[0.549 0.896 0.466 0.445 0.574 0.5  ]
[0.58  0.455 0.57  0.654 0.562 0.327]
[0.393 0.584 0.709 0.265 0.484 0.644]
[0.562 0.555 0.623 0.307 0.383 0.58 ]
[0.545 0.4   0.588 0.615 0.458 0.661]
[0.536 0.443 0.397 0.513 0.593 0.583]
[0.712 0.764 0.67  0.351 0.653 0.615]
[0.49  0.5   0.512 0.338 0.422 0.508]
[0.626 0.589 0.619 0.401 0.474 0.719]
[0.659 0.549 0.512 0.425 0.606 0.482]
[0.664 0.539 0.598 0.305 0.463 0.485]
[0.376 0.355 0.466 0.597 0.312 0.507]
[0.56  0.487 0.613 0.747 0.443 0.594]
[0.591 0.592 0.463 0.328 0.54  0.504]
[0.407 0.468 0.635 0.658 0.523 0.623]
[0.452 0.409 0.442 0.605 0.434 0.518]
[0.363 0.447 0.653 0.385 0.409 0.522]
[0.383 0.858 0.891 0.41  0.357 0.284]
[0.289 0.57  0.676 0.282 0.36  0.316]
[0.361 1.156 0.751 0.635 0.613 0.243]
[0.545 0.47  0.556 0.512 0.545 0.467]
[0.395 0.621 0.624 0.313 0.346 0.313]
[0.467 0.461 0.66  0.56  0.402 0.672]
[0.39  0.57  0.524 0.417 0.567 0.706]
[0.417 0.406 0.548 0.53  0.359 0.577]
[0.352 0.454 0.544 0.422 0.419 0.591]
[0.396 0.47  0.511 0.304 0.493 0.582]
[0.872 0.546 0.452 0.623 0.594 0.556]
[0.64  0.43  0.476 0.75  0.487 0.546]
[0.606 0.566 0.547 0.362 0.564 0.515]
[0.482 0.474 0.591 0.698 0.371 0.534]
[0.661 0.443 0.687 0.495 0.553 0.73 ]
[0.506 0.477 0.4   0.464 0.607 0.566]
[0.725 0.659 0.605 0.567 0.688 0.591]
[0.508 0.606 0.748 0.299 0.562 0.472]
[0.421 0.567 1.145 0.328 0.559 0.896]
[0.484 0.49  0.853 0.467 0.449 0.824]
[0.329 0.438 0.613 0.515 0.451 0.464]
[0.751 0.534 0.388 0.632 0.588 0.581]
[0.495 0.597 0.787 0.412 0.487 0.666]
[0.408 0.509 0.735 0.45  0.547 0.573]
[0.359 0.448 0.546 0.413 0.371 0.438]
[0.308 0.385 0.463 0.351 0.447 0.648]
[0.335 0.509 0.52  0.392 0.417 0.607]
[0.583 0.682 0.739 0.316 0.674 0.492]
[0.761 0.512 0.527 0.578 0.514 0.526]
[0.503 0.415 0.66  0.608 0.39  0.351]
[0.545 0.354 0.433 0.535 0.388 0.499]
[0.614 0.481 0.489 0.516 0.521 0.488]
[0.266 0.54  0.643 0.358 0.466 0.7  ]
[0.271 0.444 0.427 0.394 0.501 0.702]
[0.259 0.518 0.755 0.222 0.434 0.552]
[0.532 0.648 0.965 0.611 0.464 0.522]
[0.446 0.563 0.632 0.406 0.595 0.684]
[0.516 0.616 0.583 0.32  0.467 0.632]
[0.713 0.588 0.501 0.551 0.322 0.767]
[0.301 0.363 0.538 0.407 0.431 0.493]
[0.839 0.479 0.669 0.41  0.348 0.478]
[0.405 0.426 0.645 0.577 0.572 0.409]
[0.381 0.413 0.54  0.268 0.255 0.541]
[1.261 1.704 0.557 1.436 0.583 0.244]
[0.757 1.096 0.584 0.76  0.551 0.422]
[0.328 0.505 0.574 0.359 0.453 0.438]
[0.362 0.626 0.675 0.535 0.53  0.673]
[0.386 0.518 0.693 0.386 0.441 0.531]
[0.418 0.55  0.634 0.324 0.501 0.731]
[0.303 0.399 0.643 0.394 0.459 0.387]
[0.645 0.434 0.494 0.677 0.417 0.505]
[0.443 0.432 0.375 0.424 0.526 0.586]
[0.263 0.516 0.64  0.233 0.453 0.504]
[0.396 0.327 0.581 0.493 0.325 0.485]
[0.509 0.398 0.429 0.622 0.279 0.477]
[0.39  0.412 0.555 0.507 0.415 0.512]
[0.54  0.566 0.701 0.365 0.43  0.469]
[0.585 0.512 0.711 0.5   0.427 0.425]
[0.49  0.342 0.531 0.434 0.455 0.428]
[0.586 0.556 0.443 0.643 0.521 0.606]
[0.597 0.467 0.821 0.502 0.535 0.421]
[0.312 0.361 0.786 0.347 0.334 0.596]
[0.317 0.434 0.791 0.261 0.404 0.521]
[0.75  0.572 0.606 0.416 0.59  0.647]
[0.557 0.466 0.694 0.387 0.603 0.518]
[0.707 0.544 0.624 0.731 0.401 0.577]
[0.765 0.561 0.53  0.405 0.653 0.528]
[0.414 0.51  0.945 0.494 0.448 0.448]
[0.388 0.517 0.642 0.332 0.639 0.531]
[0.245 0.409 0.622 0.331 0.425 0.486]
[0.821 0.559 0.751 0.416 0.474 0.471]
[0.23  0.426 0.711 0.225 0.459 0.44 ]
[0.532 0.476 0.663 0.377 0.609 0.397]
[0.45  0.37  0.637 0.436 0.338 0.524]
[0.576 0.391 0.414 0.668 0.377 0.757]
[0.644 0.364 0.431 0.772 0.381 0.649]
[0.215 0.402 0.478 0.24  0.505 0.497]
[0.34  0.491 0.63  0.334 0.507 0.654]
[0.315 0.44  0.55  0.587 0.416 0.404]
[0.427 0.382 0.639 0.359 0.33  0.492]
[0.306 0.362 0.609 0.389 0.56  0.295]
[0.32  0.282 0.738 0.377 0.359 0.326]
[0.258 0.345 0.702 0.22  0.388 0.473]
[0.54  0.556 0.496 0.566 0.538 0.516]
[0.275 0.389 0.419 0.395 0.184 0.423]
[0.277 0.433 0.515 0.344 0.506 0.538]
[0.193 0.323 0.542 0.272 0.42  0.545]
[0.458 0.475 0.644 0.404 0.269 0.511]
[0.407 0.616 0.676 0.269 0.384 0.613]
[0.522 0.55  0.77  0.448 0.344 0.347]
[0.236 0.352 0.34  0.37  0.522 0.661]
[0.435 0.439 0.348 0.558 0.481 0.622]
[0.317 0.421 0.434 0.263 0.553 0.607]
[0.322 0.32  0.554 0.372 0.326 0.418]
[0.817 0.631 0.588 0.521 0.608 0.522]
[0.73  0.524 0.334 0.37  0.595 0.579]
[0.479 0.447 0.466 0.438 0.479 0.734]
[0.343 0.598 0.4   0.305 0.534 0.661]
[0.443 0.34  0.658 0.373 0.368 0.515]
[0.365 0.356 0.421 0.34  0.158 0.474]
[0.613 0.707 0.623 0.594 0.326 0.54 ]
[0.755 0.392 0.423 0.889 0.292 0.579]
[0.51  0.527 0.411 0.303 0.553 0.537]
[0.331 0.422 0.588 0.271 0.484 0.496]
[0.785 0.58  0.751 0.417 0.514 0.66 ]
[0.444 0.388 0.554 0.467 0.378 0.482]
[0.434 0.626 0.631 0.318 0.506 0.494]
[0.778 0.584 0.467 0.371 0.594 0.464]
[0.673 0.354 0.364 0.452 0.433 0.487]
[0.39  0.343 0.523 0.38  0.326 0.551]
[0.746 0.52  0.435 0.334 0.397 0.673]
[0.956 0.418 0.57  0.652 0.355 0.522]
[0.338 0.337 0.521 0.404 0.392 0.366]
[0.548 0.548 0.694 0.282 0.439 0.425]
[0.762 0.618 0.559 0.451 0.417 0.588]
[0.496 0.339 0.802 0.403 0.348 0.484]
[0.834 0.531 0.74  0.389 0.446 0.508]
[0.358 0.309 0.756 0.26  0.489 0.417]
[0.386 0.293 0.601 0.295 0.347 0.45 ]
[0.497 0.336 0.26  0.331 0.382 0.458]
[0.168 0.246 0.611 0.162 0.426 0.586]
[0.385 0.235 0.361 0.303 0.334 0.377]
[0.294 0.354 0.365 0.422 0.373 0.462]
[0.614 0.429 0.545 0.348 0.285 0.396]
[0.75  0.386 0.328 0.455 0.404 0.388]
[0.379 0.338 0.4   0.334 0.169 0.304]
[0.598 0.584 0.554 0.533 0.403 0.214]
[0.575 0.809 0.36  0.599 0.28  0.315]
[0.239 0.432 0.463 0.241 0.528 0.403]
[0.258 0.336 0.7   0.211 0.549 0.558]
[0.205 0.24  0.509 0.336 0.427 0.278]
[0.346 0.317 0.855 0.303 0.627 0.296]
[0.5   0.757 0.343 0.461 0.447 0.381]
[0.597 0.396 0.481 0.379 0.317 0.374]
[0.343 0.369 0.652 0.322 0.305 0.501]
[0.385 0.311 0.362 0.388 0.502 0.417]
[0.294 0.253 0.615 0.254 0.366 0.39 ]
[0.179 0.37  0.39  0.227 0.487 0.665]
[0.257 0.369 0.325 0.32  0.42  0.657]
[0.357 0.433 0.627 0.31  0.449 0.446]
[0.679 0.431 0.483 0.307 0.62  0.435]
[0.753 0.52  0.447 0.254 0.512 0.389]
[0.238 0.368 0.491 0.316 0.634 0.438]
[0.453 0.422 0.409 0.35  0.598 0.635]
[0.341 0.354 0.283 0.471 0.476 0.474]
[0.298 0.396 0.682 0.349 0.521 0.375]
[0.786 0.58  0.481 0.587 0.422 0.546]
[0.524 0.643 0.432 0.488 0.462 0.375]
[0.279 0.544 0.712 0.301 0.485 0.604]
[0.374 0.381 0.731 0.239 0.427 0.481]
[0.561 0.553 0.587 0.513 0.445 0.487]
[0.449 0.284 0.328 0.329 0.255 0.439]
[0.413 0.512 0.985 0.381 0.54  0.507]
[0.372 0.293 0.365 0.262 0.43  0.38 ]
[0.434 0.457 0.536 0.378 0.427 0.31 ]
[0.294 0.244 0.532 0.381 0.413 0.468]
[0.226 0.295 0.826 0.2   0.483 0.415]
[0.335 0.36  0.724 0.204 0.525 0.426]
[0.226 0.206 0.441 0.255 0.345 0.436]
[0.295 0.365 0.515 0.261 0.382 0.488]
[0.56  0.682 0.61  0.454 0.636 0.685]
[0.701 0.625 0.648 0.346 0.356 0.568]
[0.83  0.739 0.748 0.605 0.524 0.562]
[0.316 0.241 0.695 0.322 0.318 0.474]
[0.428 0.34  0.653 0.308 0.334 0.216]
[0.908 0.659 0.658 0.573 0.627 0.532]
[0.355 0.528 0.539 0.338 0.833 0.424]
[0.434 0.32  0.243 0.427 0.157 0.347]
[0.503 0.327 0.439 0.552 0.099 0.38 ]
[0.296 0.268 0.933 0.308 0.37  0.235]
[0.372 0.431 0.25  0.31  0.245 0.342]
[0.39  0.516 0.531 0.382 0.406 0.414]
[0.918 0.684 0.459 0.438 0.456 0.498]
[0.228 0.211 0.318 0.305 0.217 0.327]
[0.581 0.412 0.627 0.272 0.516 0.283]
[0.313 0.392 0.705 0.343 0.38  0.402]
[0.322 0.253 0.398 0.339 0.324 0.451]
[0.326 0.258 0.371 0.291 0.438 0.356]
[0.29  0.517 0.319 0.317 0.55  0.438]
[0.524 0.458 0.614 0.35  0.263 0.324]
[0.312 0.438 0.623 0.308 0.49  0.441]
[0.26  0.321 0.69  0.255 0.553 0.466]
[0.336 0.414 0.595 0.331 0.659 0.406]
[0.399 0.521 0.287 0.342 0.424 0.533]
[0.433 0.386 0.834 0.268 0.415 0.397]
[0.486 0.506 0.383 0.388 0.311 0.662]
[0.22  0.267 0.779 0.272 0.367 0.353]
[0.245 0.243 0.412 0.319 0.438 0.383]
[0.328 0.517 0.341 0.292 0.591 0.501]
[0.156 0.284 0.303 0.169 0.396 0.607]
[0.399 0.316 0.913 0.387 0.382 0.332]
[0.655 0.428 0.26  0.19  0.27  0.403]
[0.335 0.307 0.552 0.321 0.24  0.527]
[0.337 0.349 0.311 0.255 0.392 0.408]
[0.318 0.37  0.51  0.265 0.357 0.386]
[0.615 0.342 0.552 0.283 0.375 0.486]
[0.387 0.279 0.366 0.279 0.318 0.376]
[0.36  0.261 0.293 0.233 0.339 0.353]
[0.291 0.233 0.535 0.29  0.315 0.353]
[0.36  0.315 0.74  0.388 0.352 0.296]
[0.408 0.48  0.446 0.266 0.404 0.668]
[0.29  0.257 0.372 0.337 0.29  0.385]
[0.476 0.359 0.707 0.474 0.7   0.312]
[0.363 0.3   0.397 0.288 0.287 0.495]
[0.718 0.445 0.515 0.268 0.347 0.449]
[0.478 0.309 0.412 0.364 0.207 0.317]
[0.403 0.348 0.582 0.378 0.336 0.456]
[0.332 0.365 0.441 0.511 0.408 0.286]
[0.504 0.443 0.516 0.317 0.412 0.522]
[1.023 0.576 0.827 1.457 0.131 0.368]
[0.902 0.778 0.205 0.797 0.205 0.303]
[0.389 0.289 0.502 0.332 0.284 0.35 ]
[0.347 0.375 0.538 0.243 0.465 0.586]
[0.196 0.224 0.56  0.245 0.347 0.313]
[0.245 0.479 0.272 0.568 0.371 0.197]
[0.251 0.315 0.544 0.22  0.368 0.481]
[0.701 0.445 0.454 0.252 0.222 0.363]
[0.249 0.233 0.389 0.2   0.363 0.324]
[0.321 0.305 0.654 0.252 0.319 0.309]
[0.128 0.189 0.304 0.178 0.351 0.338]
[0.351 0.336 0.432 0.384 0.456 0.374]
[0.253 0.271 0.649 0.387 0.28  0.387]
[0.411 0.414 0.466 0.292 0.459 0.296]
[0.469 0.357 0.605 0.477 0.359 0.363]
[0.452 0.362 0.26  0.277 0.234 0.325]
[0.219 0.287 0.374 0.281 0.307 0.363]
[0.262 0.433 0.668 0.429 0.681 0.342]
[0.273 0.428 0.346 0.188 0.444 0.521]
[0.214 0.318 0.657 0.237 0.332 0.309]
[0.162 0.255 0.398 0.238 0.383 0.399]
[0.199 0.233 0.662 0.213 0.485 0.312]
[0.476 0.551 0.758 0.364 0.501 0.517]
[0.436 0.376 0.622 0.258 0.244 0.532]
[0.149 0.281 0.497 0.257 0.343 0.611]
[0.276 0.322 0.593 0.225 0.399 0.31 ]
[0.179 0.224 0.458 0.222 0.335 0.445]
[0.513 0.387 0.419 0.362 0.38  0.486]
[0.332 0.434 0.253 0.261 0.516 0.601]
[0.326 0.37  0.607 0.222 0.526 0.518]
[0.341 0.411 0.324 0.441 0.424 0.502]
[0.353 0.285 0.425 0.417 0.374 0.321]
[0.211 0.343 0.263 0.377 0.405 0.491]
[0.397 0.348 0.388 0.19  0.291 0.569]
[0.25  0.367 0.411 0.474 0.369 0.329]
[0.147 0.335 0.724 0.286 0.302 0.387]
[0.222 0.301 0.469 0.21  0.27  0.457]
[0.178 0.251 0.447 0.213 0.285 0.347]
[0.226 0.332 0.529 0.287 0.309 0.335]
[0.199 0.346 0.836 0.216 0.356 0.432]
[0.166 0.236 0.419 0.156 0.33  0.495]
[0.504 0.414 0.277 0.396 0.095 0.372]
[0.528 0.64  0.332 0.712 0.119 0.48 ]
[0.234 0.277 0.343 0.324 0.305 0.38 ]
[0.223 0.253 0.46  0.217 0.258 0.437]
[0.222 0.223 0.588 0.18  0.378 0.32 ]
[0.225 0.299 0.288 0.329 0.42  0.5  ]
[0.425 0.436 0.631 0.311 0.494 0.516]
[0.224 0.21  0.254 0.335 0.411 0.129]
[0.211 0.226 0.515 0.263 0.331 0.37 ]
[0.353 0.317 0.285 0.337 0.37  0.631]
[0.251 0.291 0.76  0.29  0.292 0.258]
[0.221 0.312 0.561 0.296 0.338 0.342]
[0.194 0.275 0.33  0.394 0.343 0.464]
[0.338 0.317 0.809 0.597 0.316 0.386]
[0.245 0.253 0.445 0.208 0.281 0.446]
[0.167 0.194 0.308 0.19  0.524 0.52 ]
[0.466 0.38  0.819 0.324 0.469 0.269]
[0.282 0.317 0.592 0.202 0.367 0.304]
[0.172 0.216 0.408 0.152 0.315 0.408]
[0.25  0.407 0.277 0.211 0.321 0.399]
[0.194 0.361 0.376 0.429 0.268 0.528]
[0.301 0.415 0.494 0.192 0.341 0.482]
[0.252 0.358 0.772 0.389 0.307 0.265]
[0.156 0.318 0.502 0.15  0.555 0.302]
[0.17  0.258 0.551 0.203 0.333 0.307]
[0.193 0.215 0.377 0.211 0.255 0.624]
[0.272 0.366 0.488 0.244 0.276 0.305]
[0.126 0.301 0.622 0.236 0.467 0.301]
[0.217 0.306 0.202 0.103 0.441 0.597]
[0.242 0.264 0.45  0.186 0.359 0.427]
[0.359 0.392 0.524 0.305 0.415 0.463]
[0.25  0.273 0.637 0.234 0.307 0.369]
[0.28  0.265 0.301 0.485 0.283 0.415]
[0.216 0.311 0.588 0.214 0.328 0.407]
[0.27  0.304 0.54  0.239 0.231 0.431]
[0.552 0.477 0.388 0.255 0.264 0.671]
[0.289 0.271 0.258 0.293 0.431 0.288]
[0.675 0.401 0.313 0.31  0.344 0.508]
[0.324 0.397 0.582 0.302 0.436 0.327]
[0.439 0.42  0.334 0.416 0.27  0.65 ]
[0.195 0.301 0.485 0.232 0.347 0.485]
[0.404 0.42  0.209 0.272 0.415 0.499]
[0.387 0.161 0.114 0.23  0.106 0.314]
[0.856 0.537 0.171 0.691 0.247 0.233]
[0.494 0.538 0.377 0.946 0.257 0.269]
[0.173 0.338 0.471 0.165 0.369 0.624]
[0.255 0.219 0.433 0.362 0.29  0.426]
[0.214 0.315 0.413 0.399 0.443 0.277]
[0.44  0.216 0.207 0.245 0.298 0.547]
[0.163 0.211 0.536 0.192 0.32  0.21 ]
[0.291 0.279 0.378 0.387 0.369 0.354]
[0.196 0.269 0.398 0.323 0.317 0.4  ]
[0.33  0.339 0.596 0.393 0.223 0.28 ]
[0.321 0.272 0.376 0.324 0.25  0.385]
[0.135 0.271 0.477 0.201 0.335 0.405]
[0.369 0.306 0.318 0.358 0.305 0.471]
[0.191 0.331 0.487 0.209 0.347 0.381]
[0.302 0.317 0.311 0.354 0.452 0.319]
[0.263 0.191 0.285 0.249 0.32  0.482]
[0.203 0.248 0.654 0.235 0.277 0.322]
[0.368 0.472 0.239 0.215 0.467 0.68 ]
[0.232 0.301 0.428 0.182 0.257 0.455]
[0.184 0.334 0.278 0.126 0.502 0.537]
[0.441 0.251 0.215 0.305 0.399 0.369]
[0.209 0.311 0.296 0.471 0.292 0.429]
[0.216 0.306 0.397 0.417 0.37  0.335]
[0.169 0.24  0.416 0.294 0.328 0.28 ]
[0.368 0.174 0.219 0.193 0.26  0.537]
[0.16  0.236 0.324 0.343 0.375 0.36 ]
[0.259 0.345 0.435 0.192 0.266 0.321]
[0.188 0.22  0.316 0.297 0.37  0.263]
[0.316 0.452 0.527 0.249 0.563 0.274]
[0.258 0.3   0.665 0.252 0.22  0.308]
[0.198 0.315 0.302 0.194 0.343 0.352]
[0.218 0.225 0.384 0.158 0.283 0.462]
[0.242 0.294 0.218 0.311 0.414 0.384]
[0.209 0.299 0.487 0.232 0.34  0.32 ]
[0.217 0.236 0.199 0.286 0.311 0.374]
[0.142 0.257 0.454 0.143 0.422 0.362]
[0.216 0.27  0.367 0.278 0.32  0.624]
[0.168 0.232 0.381 0.299 0.352 0.274]
[0.205 0.287 0.408 0.142 0.268 0.394]
[0.175 0.353 0.579 0.195 0.294 0.401]
[0.388 0.292 0.267 0.218 0.394 0.428]
[0.768 0.554 0.816 0.945 0.121 0.279]
[0.349 0.465 0.264 0.427 0.345 0.268]
[0.122 0.263 0.584 0.248 0.472 0.364]
[0.329 0.276 0.257 0.351 0.307 0.453]
[0.181 0.215 0.367 0.276 0.303 0.388]
[0.254 0.293 0.444 0.18  0.38  0.379]
[0.386 0.415 0.448 0.378 0.328 0.44 ]
[0.207 0.313 0.324 0.115 0.363 0.506]
[0.273 0.326 0.347 0.153 0.317 0.409]
[0.203 0.402 0.776 0.32  0.295 0.226]
[0.209 0.249 0.275 0.304 0.334 0.438]
[0.193 0.247 0.603 0.221 0.289 0.255]
[0.193 0.29  0.631 0.23  0.225 0.294]
[0.239 0.215 0.237 0.334 0.307 0.357]
[0.203 0.413 0.566 0.272 0.343 0.305]
[0.43  0.341 0.378 0.531 0.344 0.385]
[0.23  0.344 0.579 0.393 0.305 0.399]
[0.149 0.293 0.387 0.318 0.318 0.422]
[0.209 0.331 0.436 0.484 0.599 0.291]
[0.299 0.307 0.401 0.461 0.274 0.341]
[0.142 0.281 0.821 0.335 0.352 0.333]
[0.321 0.292 0.479 0.157 0.281 0.609]
[0.185 0.269 0.423 0.336 0.2   0.295]
[0.319 0.213 0.221 0.258 0.276 0.486]
[0.222 0.199 0.538 0.251 0.264 0.308]
[0.517 0.486 0.51  0.336 0.246 0.379]
[0.386 0.407 0.362 0.254 0.375 0.368]
[0.305 0.353 0.393 0.174 0.342 0.485]
[0.397 0.466 0.282 0.509 0.355 0.394]
[0.274 0.273 0.475 0.135 0.22  0.522]
[0.141 0.281 0.172 0.221 0.467 0.394]
[0.212 0.371 0.491 0.477 0.355 0.233]
[0.287 0.308 0.355 0.34  0.326 0.513]
[0.226 0.321 0.544 0.185 0.298 0.402]
[0.14  0.224 0.448 0.156 0.405 0.295]
[0.357 0.544 0.618 0.541 0.267 0.29 ]
[0.163 0.296 0.384 0.416 0.327 0.28 ]
[0.205 0.354 0.439 0.227 0.572 0.272]
[0.222 0.298 0.237 0.1   0.309 0.829]
[0.383 0.423 0.464 0.192 0.316 0.317]
[0.246 0.346 0.456 0.201 0.231 0.393]
[0.409 0.213 0.272 0.305 0.094 0.272]
[0.35  0.295 0.305 0.359 0.151 0.265]
[0.237 0.353 0.134 0.255 0.539 0.73 ]
[0.16  0.277 0.342 0.35  0.541 0.323]
[0.365 0.306 0.32  0.157 0.187 0.677]
[0.262 0.202 0.363 0.346 0.295 0.397]
[0.17  0.232 0.574 0.243 0.262 0.263]
[0.309 0.381 0.535 0.279 0.236 0.408]
[0.228 0.226 0.356 0.204 0.391 0.34 ]
[0.181 0.199 0.374 0.283 0.317 0.447]
[0.333 0.399 0.521 0.326 0.424 0.275]
[0.182 0.327 0.38  0.268 0.36  0.433]
[0.304 0.216 0.182 0.325 0.285 0.591]
[0.16  0.247 0.716 0.309 0.27  0.259]
[0.188 0.261 0.465 0.145 0.194 0.351]
[0.244 0.289 0.383 0.513 0.399 0.272]
[0.189 0.287 0.353 0.247 0.303 0.454]
[0.137 0.25  0.763 0.431 0.257 0.281]
[0.188 0.303 0.247 0.119 0.344 0.49 ]
[0.196 0.255 0.345 0.446 0.451 0.278]
[0.161 0.288 1.017 0.493 0.274 0.258]
[0.172 0.265 0.512 0.163 0.31  0.305]
[0.196 0.243 0.369 0.172 0.238 0.437]
[0.367 0.359 0.496 0.326 0.302 0.386]
[0.123 0.166 0.471 0.21  0.314 0.341]
[0.191 0.28  0.983 0.372 0.291 0.226]
[0.249 0.316 0.571 0.28  0.284 0.333]
[0.194 0.215 0.307 0.304 0.236 0.389]
[0.39  0.314 0.5   0.282 0.249 0.417]
[0.191 0.261 0.334 0.309 0.391 0.315]
[0.253 0.284 0.704 0.259 0.173 0.377]
[0.378 0.463 0.497 0.284 0.378 0.288]
[0.35  0.304 0.625 0.205 0.196 0.403]
[0.207 0.293 0.493 0.212 0.188 0.35 ]
[0.233 0.222 0.177 0.194 0.312 0.471]
[0.16  0.35  0.459 0.169 0.429 0.371]
[0.271 0.254 0.369 0.41  0.32  0.371]
[0.181 0.277 0.477 0.224 0.282 0.378]
[0.411 0.413 0.324 0.243 0.254 0.515]
[0.23  0.202 0.271 0.221 0.308 0.374]
[0.25  0.311 0.422 0.276 0.368 0.352]
[0.225 0.196 0.214 0.259 0.199 0.407]
[0.248 0.162 0.188 0.198 0.085 0.409]
[0.265 0.388 0.199 0.38  0.469 0.426]
[0.339 0.279 0.484 0.143 0.278 0.423]
[0.373 0.201 0.249 0.204 0.267 0.478]
[0.267 0.287 0.457 0.185 0.211 0.391]
[0.105 0.204 0.577 0.323 0.287 0.245]
[0.198 0.269 0.59  0.214 0.261 0.299]
[0.208 0.226 0.301 0.409 0.368 0.296]
[0.16  0.217 0.413 0.262 0.307 0.332]
[0.139 0.176 0.285 0.202 0.225 0.425]
[0.47  0.297 0.532 0.303 0.267 0.308]
[0.328 0.252 0.406 0.368 0.256 0.404]
[0.205 0.249 0.583 0.179 0.211 0.378]
[0.137 0.236 0.481 0.217 0.279 0.247]
[0.222 0.227 0.423 0.497 0.296 0.316]
[0.176 0.325 0.433 0.272 0.363 0.256]
[0.294 0.225 0.449 0.145 0.284 0.46 ]
[0.275 0.228 0.764 0.281 0.213 0.312]
[0.276 0.256 0.481 0.651 0.287 0.304]
[0.253 0.289 0.332 0.34  0.312 0.432]
[0.217 0.229 0.274 0.325 0.298 0.416]
[0.237 0.191 0.544 0.312 0.231 0.321]
[0.287 0.262 0.595 0.161 0.2   0.386]
[0.314 0.21  0.329 0.411 0.362 0.341]
[0.314 0.317 0.537 0.212 0.289 0.408]
[0.214 0.264 0.375 0.486 0.302 0.335]
[0.461 0.356 0.43  0.386 0.215 0.418]
[0.164 0.272 0.528 0.169 0.277 0.272]
[0.33  0.265 0.284 0.299 0.346 0.396]
[0.138 0.259 0.39  0.134 0.314 0.339]
[0.23  0.199 0.311 0.186 0.264 0.465]
[0.316 0.306 0.458 0.433 0.374 0.323]
[0.138 0.249 0.53  0.521 0.297 0.239]
[0.214 0.373 0.516 0.375 0.413 0.284]
[0.18  0.166 0.476 0.318 0.325 0.312]
[0.305 0.299 0.47  0.367 0.298 0.372]
[0.165 0.264 0.339 0.406 0.296 0.343]
[0.63  0.322 0.594 0.428 0.273 0.366]
[0.129 0.267 0.371 0.228 0.245 0.439]
[0.169 0.192 0.446 0.189 0.288 0.347]
[0.207 0.342 0.408 0.203 0.254 0.36 ]
[0.215 0.283 0.311 0.371 0.312 0.405]
[0.257 0.195 0.143 0.271 0.122 0.306]
[0.42  0.297 0.349 0.441 0.285 0.483]
[0.188 0.299 0.337 0.564 0.294 0.354]
[0.162 0.286 0.569 0.219 0.271 0.274]
[0.245 0.289 0.602 0.324 0.314 0.277]
[0.204 0.333 0.479 0.263 0.225 0.227]
[0.109 0.165 0.327 0.217 0.283 0.409]
[0.209 0.312 0.316 0.176 0.25  0.352]
[0.453 0.359 0.672 0.378 0.247 0.292]
[0.309 0.253 0.211 0.104 0.162 0.574]
[0.152 0.233 0.735 0.239 0.218 0.242]
[0.343 0.258 0.44  0.393 0.309 0.391]
[0.344 0.266 0.418 0.283 0.329 0.396]
[0.244 0.206 0.382 0.348 0.318 0.418]
[0.17  0.237 0.449 0.19  0.186 0.39 ]
[0.311 0.215 0.466 0.331 0.203 0.421]
[0.214 0.299 0.293 0.261 0.326 0.368]
[0.162 0.284 0.34  0.194 0.256 0.358]
[0.245 0.3   0.266 0.152 0.208 0.542]
[0.188 0.212 0.196 0.214 0.344 0.459]
[0.111 0.178 0.507 0.362 0.217 0.212]
[0.254 0.286 0.695 0.424 0.216 0.274]
[0.069 0.206 0.446 0.223 0.304 0.279]
[0.139 0.323 0.674 0.383 0.418 0.217]
[0.225 0.197 0.395 0.218 0.289 0.385]
[0.091 0.217 0.432 0.17  0.219 0.271]
[0.292 0.238 0.282 0.268 0.307 0.379]
[0.18  0.25  0.34  0.196 0.267 0.346]
[0.298 0.188 0.3   0.17  0.234 0.497]
[0.148 0.168 0.351 0.252 0.29  0.38 ]
[0.583 0.332 0.67  0.381 0.134 0.295]
[0.193 0.169 0.372 0.245 0.213 0.296]
[0.199 0.19  0.435 0.315 0.37  0.336]
[0.188 0.188 0.316 0.307 0.342 0.303]
[0.31  0.332 0.452 0.352 0.36  0.288]
[0.16  0.15  0.303 0.183 0.276 0.353]
[0.173 0.247 0.317 0.319 0.265 0.351]
[0.392 0.353 0.621 0.488 0.273 0.28 ]
[0.155 0.165 0.363 0.268 0.238 0.328]
[0.154 0.313 0.412 0.196 0.248 0.249]
[0.223 0.228 0.36  0.285 0.324 0.39 ]
[0.307 0.231 0.232 0.231 0.151 0.256]
[0.35  0.608 0.566 0.527 0.516 0.33 ]
[0.359 0.322 0.682 0.37  0.217 0.297]
[0.093 0.167 0.243 0.191 0.267 0.331]
[0.176 0.236 0.571 0.678 0.318 0.26 ]
[0.312 0.263 0.64  0.459 0.305 0.241]
[0.234 0.275 0.345 0.23  0.287 0.323]
[0.369 0.309 0.323 0.467 0.326 0.395]
[0.106 0.187 0.483 0.106 0.311 0.461]
[0.141 0.25  0.331 0.16  0.206 0.323]
[0.24  0.262 0.269 0.335 0.293 0.369]
[0.149 0.24  0.535 0.412 0.403 0.272]
[0.373 0.273 0.37  0.161 0.225 0.334]
[0.17  0.147 0.366 0.275 0.238 0.272]
[0.504 0.254 0.304 0.242 0.25  0.475]
[0.223 0.287 0.424 0.205 0.26  0.343]
[0.165 0.195 0.546 0.371 0.329 0.313]
[0.092 0.181 0.522 0.194 0.245 0.29 ]
[0.17  0.212 0.359 0.172 0.165 0.356]
[0.208 0.251 0.379 0.171 0.262 0.31 ]
[0.4   0.279 0.615 0.313 0.337 0.444]
[0.221 0.209 0.351 0.362 0.24  0.315]
[0.128 0.203 0.549 0.197 0.223 0.347]
[0.192 0.193 0.424 0.258 0.212 0.361]
[0.194 0.207 0.62  0.136 0.235 0.366]
[0.169 0.217 0.322 0.223 0.286 0.447]
[0.328 0.271 0.734 0.209 0.198 0.314]
[0.198 0.238 0.748 0.497 0.33  0.318]
[0.304 0.275 0.396 0.303 0.326 0.341]
[0.248 0.247 0.311 0.173 0.27  0.431]
[0.171 0.226 0.347 0.269 0.365 0.427]
[0.32  0.227 0.294 0.39  0.211 0.404]
[0.136 0.22  0.286 0.104 0.288 0.313]
[0.404 0.427 0.328 0.257 0.255 0.349]
[0.3   0.286 0.435 0.373 0.229 0.369]
[0.163 0.207 0.32  0.126 0.181 0.397]
[0.194 0.181 0.382 0.132 0.281 0.44 ]
[0.14  0.155 0.269 0.231 0.235 0.274]
[0.384 0.278 0.294 0.285 0.19  0.431]
[0.185 0.226 0.452 0.231 0.182 0.284]
[0.21  0.23  0.489 0.147 0.264 0.323]
[0.248 0.172 0.605 0.244 0.295 0.324]
[0.167 0.111 0.153 0.159 0.161 0.408]
[0.245 0.264 0.361 0.256 0.612 0.434]
[0.159 0.206 0.541 0.174 0.197 0.257]
[0.177 0.174 0.319 0.122 0.167 0.331]
[0.274 0.267 0.198 0.268 0.291 0.44 ]
[0.279 0.205 0.29  0.267 0.228 0.323]
[0.214 0.22  0.43  0.203 0.356 0.294]
[0.203 0.277 0.466 0.187 0.259 0.388]
[0.156 0.174 0.375 0.208 0.295 0.326]
[0.391 0.222 0.491 0.215 0.278 0.339]
[0.47  0.435 0.245 0.13  0.257 0.418]
[0.193 0.256 0.302 0.235 0.404 0.393]
[0.215 0.158 0.157 0.156 0.174 0.394]
[0.117 0.167 0.51  0.215 0.198 0.347]
[0.128 0.171 0.45  0.141 0.21  0.344]
[0.209 0.264 0.617 0.155 0.224 0.297]
[0.253 0.21  0.381 0.344 0.217 0.37 ]
[0.14  0.179 0.419 0.22  0.221 0.289]
[0.242 0.202 0.23  0.248 0.212 0.468]
[0.187 0.192 0.212 0.12  0.216 0.468]
[0.136 0.142 0.302 0.172 0.24  0.36 ]
[0.118 0.165 0.476 0.274 0.178 0.288]
[0.191 0.24  0.285 0.267 0.2   0.35 ]
[0.211 0.21  0.4   0.155 0.327 0.383]
[0.112 0.199 0.755 0.229 0.262 0.245]
[0.135 0.176 0.458 0.186 0.227 0.3  ]
[0.143 0.22  0.652 0.195 0.204 0.31 ]
[0.27  0.179 0.279 0.248 0.204 0.323]
[0.381 0.195 0.254 0.281 0.234 0.379]
[0.211 0.245 0.495 0.155 0.231 0.386]
[0.492 0.389 0.457 0.291 0.251 0.299]
[0.12  0.156 0.795 0.305 0.23  0.203]
[0.146 0.176 0.532 0.282 0.252 0.241]
[0.217 0.303 0.319 0.171 0.315 0.484]
[0.427 0.278 0.74  0.244 0.234 0.255]
[0.247 0.234 0.22  0.133 0.185 0.427]
[0.372 0.234 0.967 0.211 0.224 0.242]
[0.16  0.21  0.459 0.207 0.221 0.3  ]
[0.155 0.21  0.27  0.141 0.213 0.427]
[0.088 0.169 0.467 0.198 0.217 0.281]
[0.246 0.207 0.479 0.365 0.191 0.218]
[0.163 0.233 0.201 0.118 0.28  0.473]
[0.228 0.174 0.266 0.265 0.123 0.301]
[0.283 0.263 0.426 0.521 0.629 0.276]
[0.154 0.179 0.518 0.241 0.247 0.277]
[0.198 0.173 0.383 0.109 0.26  0.372]
[0.362 0.316 0.515 0.16  0.25  0.307]
[0.179 0.233 0.398 0.174 0.195 0.2  ]
[0.209 0.224 0.46  0.214 0.145 0.202]
[0.201 0.204 0.603 0.182 0.293 0.286]
[0.129 0.22  0.423 0.199 0.195 0.259]
[0.163 0.265 0.45  0.231 0.193 0.266]
[0.169 0.184 0.447 0.13  0.242 0.292]
[0.167 0.199 0.329 0.27  0.237 0.262]
[0.258 0.285 0.446 0.158 0.292 0.347]
[0.123 0.173 0.39  0.267 0.218 0.3  ]
[0.356 0.307 0.244 0.13  0.252 0.392]
[0.332 0.268 0.581 0.178 0.259 0.275]
[0.131 0.196 0.255 0.135 0.251 0.48 ]
[0.108 0.235 0.667 0.221 0.264 0.214]
[0.164 0.183 0.286 0.234 0.258 0.273]
[0.15  0.225 0.288 0.242 0.231 0.284]
[0.175 0.201 0.643 0.18  0.302 0.361]
[0.102 0.263 0.502 0.167 0.241 0.315]
[0.351 0.214 0.758 0.242 0.244 0.22 ]
[0.086 0.261 0.347 0.197 0.213 0.35 ]
[0.203 0.217 0.41  0.258 0.324 0.416]
[0.167 0.212 0.389 0.21  0.352 0.302]
[0.085 0.188 0.255 0.162 0.234 0.321]
[0.433 0.273 0.3   0.239 0.3   0.255]
[0.216 0.23  0.346 0.23  0.34  0.315]
[0.323 0.248 0.563 0.144 0.241 0.289]
[0.169 0.154 0.436 0.199 0.255 0.404]
[0.176 0.211 0.216 0.241 0.229 0.271]
[0.158 0.268 0.278 0.195 0.173 0.44 ]
[0.183 0.18  0.463 0.376 0.275 0.255]
[0.213 0.185 0.489 0.178 0.208 0.206]
[0.179 0.169 0.376 0.212 0.218 0.317]
[0.181 0.165 0.468 0.219 0.313 0.341]
[0.252 0.168 0.408 0.19  0.341 0.341]
[0.138 0.205 0.382 0.244 0.36  0.468]
[0.227 0.176 0.435 0.318 0.346 0.347]
[0.138 0.305 0.27  0.195 0.227 0.247]
[0.469 0.271 0.195 0.303 0.154 0.237]
[0.392 0.34  0.345 0.414 0.654 0.304]
[0.164 0.187 0.424 0.132 0.215 0.383]
[0.211 0.248 0.325 0.208 0.147 0.233]
[0.222 0.267 0.679 0.19  0.298 0.211]
[0.265 0.292 0.728 0.19  0.326 0.283]
[0.206 0.265 0.143 0.121 0.154 0.393]
[0.16  0.206 0.206 0.153 0.186 0.4  ]
[0.151 0.181 0.245 0.209 0.307 0.361]
[0.225 0.242 0.301 0.364 0.323 0.347]
[0.182 0.234 0.143 0.131 0.171 0.503]
[0.173 0.256 0.347 0.255 0.127 0.22 ]
[0.158 0.242 0.189 0.148 0.23  0.415]
[0.209 0.227 0.334 0.276 0.198 0.29 ]
[0.145 0.173 0.239 0.152 0.321 0.355]
[0.186 0.192 0.598 0.186 0.288 0.236]
[0.371 0.264 0.198 0.136 0.254 0.475]
[0.354 0.155 0.47  0.256 0.186 0.378]
[0.24  0.343 0.124 0.152 0.167 0.469]
[0.227 0.26  0.311 0.146 0.15  0.217]
[0.153 0.237 0.249 0.175 0.188 0.35 ]
[0.207 0.29  0.681 0.272 0.418 0.334]
[0.158 0.259 0.217 0.15  0.165 0.288]
[0.253 0.228 0.418 0.166 0.259 0.374]
[0.15  0.265 0.163 0.107 0.247 0.445]
[0.168 0.189 0.224 0.169 0.273 0.395]
[0.233 0.209 0.532 0.201 0.303 0.22 ]
[0.222 0.146 0.313 0.239 0.138 0.309]
[0.126 0.206 0.285 0.165 0.223 0.298]
[0.263 0.27  0.772 0.144 0.32  0.356]
[0.151 0.395 0.254 0.238 0.279 0.372]
[0.205 0.203 0.262 0.276 0.376 0.59 ]
[0.208 0.201 0.261 0.267 0.389 0.541]
[0.161 0.245 0.244 0.247 0.287 0.281]
[0.203 0.184 0.517 0.373 0.382 0.476]
[0.262 0.252 0.703 0.183 0.231 0.344]
[0.182 0.194 0.257 0.24  0.366 0.429]
[0.187 0.2   0.232 0.228 0.302 0.352]
[0.168 0.18  0.189 0.187 0.307 0.49 ]
[0.24  0.268 0.426 0.159 0.328 0.388]
[0.109 0.169 0.208 0.173 0.301 0.396]
[0.252 0.277 0.389 0.191 0.392 0.413]
[0.145 0.099 0.176 0.12  0.221 0.302]
[0.224 0.263 0.49  0.107 0.398 0.434]
[0.244 0.27  0.505 0.21  0.394 0.336]
[0.2   0.23  0.208 0.309 0.408 0.543]
[0.229 0.255 0.403 0.172 0.224 0.305]
[0.318 0.168 0.258 0.349 0.199 0.328]
[0.187 0.231 0.277 0.175 0.21  0.296]
[0.262 0.304 0.3   0.257 0.28  0.284]
[0.187 0.184 0.345 0.2   0.206 0.241]
[0.242 0.282 0.35  0.169 0.367 0.438]
[0.213 0.369 0.56  0.165 0.442 0.371]
[0.311 0.217 0.98  0.171 0.261 0.276]
[0.215 0.164 0.23  0.197 0.388 0.592]
[0.203 0.246 0.279 0.324 0.333 0.367]
[0.255 0.196 0.24  0.254 0.343 0.388]
[0.161 0.229 0.475 0.234 0.409 0.402]
[0.219 0.196 0.142 0.097 0.173 0.438]
[0.182 0.214 0.559 0.143 0.273 0.399]
[0.158 0.194 0.261 0.111 0.156 0.331]
[0.226 0.194 0.136 0.111 0.182 0.382]
[0.174 0.235 0.302 0.157 0.173 0.253]
[0.273 0.278 0.304 0.141 0.369 0.455]
[0.252 0.284 0.341 0.135 0.414 0.522]
[0.176 0.213 0.409 0.145 0.136 0.224]
[0.169 0.261 0.182 0.074 0.307 0.378]
[0.143 0.227 0.322 0.106 0.175 0.319]
[0.3   0.206 0.695 0.145 0.26  0.353]
[0.189 0.217 0.373 0.143 0.14  0.218]
[0.268 0.261 0.362 0.144 0.313 0.423]
[0.241 0.151 0.653 0.198 0.293 0.333]
[0.186 0.289 0.395 0.254 0.495 0.457]
[0.185 0.271 0.35  0.149 0.221 0.25 ]
[0.229 0.276 0.197 0.088 0.21  0.457]
[0.245 0.231 0.113 0.131 0.156 0.506]
[0.206 0.249 0.241 0.294 0.205 0.26 ]
[0.105 0.25  0.15  0.147 0.273 0.49 ]
[0.238 0.302 0.193 0.121 0.295 0.563]
[0.227 0.278 0.559 0.106 0.245 0.243]
[0.163 0.201 0.188 0.115 0.195 0.376]
[0.201 0.2   0.246 0.092 0.203 0.368]
[0.19  0.203 0.563 0.161 0.325 0.432]
[0.13  0.206 0.453 0.314 0.517 0.393]
[0.36  0.303 0.673 0.626 0.117 0.109]
[0.545 0.489 0.347 0.399 0.342 0.286]
[0.352 0.208 0.656 0.155 0.275 0.321]
[0.153 0.188 0.344 0.151 0.18  0.347]
[0.27  0.241 0.382 0.105 0.302 0.314]
[0.122 0.188 0.177 0.213 0.185 0.317]
[0.214 0.294 0.325 0.099 0.244 0.292]
[0.327 0.38  0.127 0.241 0.386 0.551]
[0.168 0.172 0.353 0.338 0.255 0.335]
[0.222 0.154 0.582 0.197 0.346 0.344]
[0.198 0.237 0.507 0.192 0.385 0.443]
[0.246 0.207 0.292 0.103 0.156 0.28 ]
[0.132 0.186 0.405 0.179 0.298 0.552]
[0.253 0.272 0.27  0.298 0.431 0.452]
[0.128 0.293 0.281 0.133 0.273 0.186]
[0.131 0.188 0.347 0.129 0.191 0.272]
[0.202 0.143 0.353 0.266 0.197 0.359]
[0.231 0.2   0.66  0.089 0.29  0.432]
