[1. 1. 1.]
[0.959 0.993 0.966]
[1.044 1.017 0.984]
[0.976 0.978 0.948]
[0.913 0.997 0.939]
[1.172 0.936 0.943]
[1.01  1.006 0.92 ]
[0.933 1.003 0.929]
[0.877 0.965 1.04 ]
[1.129 0.8   0.86 ]
[0.963 0.852 1.084]
[0.814 1.079 0.853]
[0.943 1.014 0.988]
[0.994 1.085 0.977]
[0.918 0.861 1.15 ]
[0.866 0.969 0.862]
[1.144 0.795 0.988]
[0.726 0.901 1.094]
[1.135 0.706 0.99 ]
[0.83  0.901 1.066]
[0.849 0.848 0.987]
[0.717 1.128 0.891]
[1.05  0.863 0.969]
[1.252 0.707 1.112]
[0.865 1.035 0.813]
[0.951 0.827 1.16 ]
[0.77  1.006 0.806]
[0.707 0.978 0.829]
[0.89  0.95  0.812]
[0.803 0.878 0.907]
[1.344 0.795 0.738]
[1.143 0.884 0.888]
[0.625 0.927 0.977]
[1.182 0.767 0.705]
[0.806 0.832 1.133]
[1.886 0.904 1.045]
[1.145 0.762 0.983]
[1.103 0.97  0.541]
[0.646 0.905 1.1  ]
[0.662 0.719 1.095]
[0.921 0.765 0.726]
[0.873 0.792 0.992]
[0.772 0.973 0.844]
[0.935 0.993 1.18 ]
[1.023 0.814 0.7  ]
[0.644 0.855 1.057]
[1.296 0.939 0.63 ]
[1.904 0.68  0.674]
[1.28  0.574 1.134]
[1.029 1.052 0.994]
[0.714 1.012 0.933]
[0.52  0.549 0.784]
[0.499 0.802 0.317]
[0.974 0.994 0.74 ]
[0.398 0.817 0.267]
[1.365 0.842 0.496]
[0.706 0.858 1.433]
[1.65  1.019 1.042]
[0.944 0.88  0.67 ]
[1.593 0.899 0.945]
[0.746 0.917 1.074]
[0.599 1.072 0.83 ]
[1.649 1.313 1.133]
[0.677 0.91  1.159]
[0.923 1.197 0.703]
[0.677 0.822 1.   ]
[0.579 0.744 1.208]
[0.708 1.133 0.74 ]
[0.65  0.855 0.461]
[1.085 1.247 1.324]
[0.725 0.937 0.938]
[0.765 0.653 0.983]
[0.644 1.201 0.639]
[0.728 0.845 1.281]
[0.412 0.879 0.581]
[1.304 0.673 1.099]
[0.596 0.837 0.753]
[0.664 0.864 0.649]
[0.844 0.814 0.796]
[0.574 1.154 1.019]
[1.25  0.978 0.642]
[0.906 1.114 0.573]
[0.872 1.064 0.741]
[0.705 0.717 1.139]
[1.205 0.927 1.205]
[0.676 1.148 1.215]
[1.669 0.963 2.004]
[1.708 0.875 1.372]
[0.512 0.679 0.695]
[1.505 1.216 0.886]
[0.884 0.888 1.118]
[1.732 1.173 1.213]
[0.988 0.852 1.001]
[1.275 0.752 1.076]
[1.089 1.093 0.699]
[0.62  0.732 0.634]
[1.546 1.21  0.57 ]
[0.811 0.697 1.289]
[0.787 0.879 0.484]
[0.876 0.998 0.395]
[0.603 0.844 0.577]
[1.154 1.134 0.761]
[0.523 0.74  0.79 ]
[1.512 0.814 1.02 ]
[0.849 1.055 0.32 ]
[0.417 0.743 0.713]
[0.654 0.761 0.571]
[0.943 1.254 0.459]
[0.912 0.927 0.616]
[0.791 0.735 1.135]
[1.992 0.84  1.616]
[1.49  0.479 1.222]
[1.845 0.765 2.548]
[0.678 0.689 0.951]
[0.789 1.022 0.826]
[0.813 0.74  0.765]
[0.508 0.883 0.542]
[1.026 1.135 0.625]
[0.836 0.998 0.603]
[0.592 0.929 0.42 ]
[0.849 0.939 0.68 ]
[0.871 1.074 0.471]
[0.613 0.829 0.521]
[0.58  0.893 0.445]
[0.755 0.847 1.3  ]
[1.467 0.756 1.291]
[1.083 0.929 1.418]
[1.252 0.705 1.222]
[0.474 0.743 0.479]
[0.491 0.826 0.63 ]
[0.763 0.726 0.78 ]
[0.557 0.774 0.672]
[0.569 0.646 0.642]
[0.607 0.928 0.526]
[0.455 1.061 0.702]
[0.48  0.946 0.453]
[0.555 1.24  0.454]
[0.685 0.886 0.456]
[0.743 0.844 0.632]
[1.212 0.882 0.786]
[0.566 0.543 0.678]
[1.13  1.16  0.699]
[0.751 1.033 0.54 ]
[0.681 0.745 0.695]
[1.358 0.872 0.655]
[0.665 0.667 0.592]
[0.695 0.756 0.45 ]
[1.307 0.784 0.699]
[1.249 0.858 1.959]
[1.597 1.014 1.963]
[0.593 1.107 0.563]
[0.714 0.871 0.648]
[0.879 0.871 0.519]
[1.074 0.819 0.703]
[0.499 0.57  0.794]
[1.214 0.603 0.661]
[1.311 0.583 1.331]
[1.209 0.93  0.69 ]
[0.616 0.564 0.872]
[0.55  0.958 0.511]
[0.735 0.742 0.94 ]
[0.769 0.834 0.704]
[2.102 0.839 2.081]
[0.526 0.49  0.674]
[0.583 0.736 0.671]
[0.692 0.596 1.045]
[0.869 0.937 0.806]
[0.894 0.956 0.508]
[1.    0.773 0.374]
[0.461 1.058 0.51 ]
[1.051 0.706 0.451]
[0.895 0.827 0.471]
[0.657 0.809 0.738]
[0.699 0.568 0.602]
[0.464 0.686 0.518]
[0.855 0.767 0.621]
[1.18  0.667 1.704]
[0.7   0.675 0.501]
[0.705 0.779 0.548]
[0.91  0.693 0.661]
[0.764 0.808 0.761]
[0.838 0.862 0.626]
[0.708 0.758 0.6  ]
[0.772 0.944 0.643]
[1.771 0.782 1.732]
[0.405 0.659 0.497]
[0.922 0.599 1.261]
[0.98  0.338 1.065]
[1.382 0.677 1.28 ]
[0.512 0.844 0.375]
[0.531 0.703 0.546]
[0.692 0.751 0.582]
[0.579 0.824 0.434]
[0.726 0.701 0.521]
[0.695 1.081 0.355]
[0.701 0.647 0.792]
[1.007 0.81  0.628]
[0.468 0.733 0.367]
[1.174 0.781 0.744]
[0.639 0.783 0.456]
[1.175 0.657 0.95 ]
[0.967 0.653 0.751]
[0.708 0.808 0.542]
[0.962 0.659 1.681]
[0.553 0.754 0.499]
[0.529 0.746 0.47 ]
[0.98  0.807 0.377]
[0.837 1.173 0.83 ]
[0.758 0.665 0.512]
[0.493 0.728 0.483]
[0.889 1.119 0.536]
[0.473 0.752 0.5  ]
[1.284 0.878 1.313]
[0.73  0.706 0.477]
[0.656 0.529 1.251]
[0.814 0.588 0.519]
[0.739 1.264 0.976]
[0.443 0.502 0.574]
[0.504 0.525 0.682]
[0.737 0.77  0.52 ]
[0.732 0.887 0.92 ]
[0.476 0.568 0.564]
[0.835 0.812 0.494]
[0.671 0.674 0.561]
[0.703 0.5   0.522]
[1.256 0.78  1.656]
[0.543 0.58  0.449]
[1.156 0.523 2.145]
[0.702 0.735 0.469]
[0.638 0.68  0.427]
[0.484 0.35  0.577]
[0.676 0.414 1.284]
[0.427 0.393 0.54 ]
[1.044 0.443 2.184]
[0.617 0.64  0.648]
[0.703 0.746 0.367]
[0.686 1.188 0.537]
[0.726 0.719 0.542]
[0.7   0.97  0.742]
[0.721 0.918 0.461]
[0.544 0.957 0.507]
[0.426 0.43  0.446]
[1.85  0.482 1.418]
[0.315 0.698 0.317]
[0.646 0.577 0.509]
[0.812 1.036 0.493]
[0.688 0.973 1.086]
[0.736 0.763 0.434]
[0.604 0.823 0.785]
[0.693 0.788 0.456]
[0.71  0.705 0.366]
[0.693 1.486 0.784]
[0.725 0.822 0.373]
[1.019 0.65  1.89 ]
[1.119 0.519 0.417]
[1.117 1.093 1.7  ]
[0.595 0.458 0.413]
[0.796 0.937 0.827]
[0.347 0.355 0.269]
[1.069 0.169 0.539]
[1.268 0.638 1.522]
[0.828 0.918 0.727]
[0.881 0.571 1.84 ]
[1.05  0.709 1.988]
[0.451 0.536 0.6  ]
[0.686 0.633 0.442]
[0.647 0.757 0.484]
[0.529 0.253 1.213]
[1.685 0.403 0.825]
[0.427 0.433 0.318]
[1.079 1.264 0.608]
[0.605 0.299 0.244]
[1.128 1.264 0.736]
[0.429 0.458 0.671]
[0.479 0.318 0.464]
[0.656 0.79  0.601]
[0.779 0.965 1.257]
[0.512 0.784 0.504]
[0.801 0.709 0.345]
[0.467 0.547 0.555]
[1.319 0.415 1.704]
[0.785 0.745 0.737]
[0.745 0.953 1.125]
[1.2   0.947 0.852]
[0.776 0.694 0.76 ]
[0.527 0.542 0.355]
[0.605 1.127 0.933]
[0.515 1.175 0.912]
[0.549 0.721 0.95 ]
[0.778 0.361 0.868]
[1.03  0.295 1.451]
[0.476 0.946 0.583]
[1.868 0.445 0.982]
[0.867 1.072 1.744]
[1.258 0.595 1.267]
[0.563 0.298 0.314]
[1.014 0.56  1.925]
[0.665 0.666 0.321]
[0.903 0.92  1.311]
[0.366 0.741 0.519]
[0.444 0.5   0.32 ]
[1.521 0.467 1.728]
[0.799 0.998 0.534]
[0.641 0.563 0.346]
[0.486 0.4   0.377]
[0.718 0.889 0.534]
[0.771 0.748 0.245]
[0.679 0.844 1.175]
[0.821 1.168 0.361]
[0.712 0.652 0.486]
[1.151 0.349 2.55 ]
[0.574 0.516 0.321]
[0.962 0.735 0.655]
[0.496 0.529 0.244]
[0.746 0.348 1.139]
[0.556 1.073 0.802]
[0.707 0.932 0.876]
[0.526 0.9   0.617]
[0.72  0.495 0.567]
[0.905 1.221 0.545]
[0.957 1.372 0.731]
[0.678 0.447 0.4  ]
[0.837 0.594 1.616]
[0.702 0.986 0.804]
[1.071 0.59  1.317]
[0.747 0.884 1.08 ]
[0.901 0.788 0.66 ]
[0.387 0.593 0.226]
[0.617 1.205 1.096]
[0.909 1.314 0.524]
[1.737 0.367 1.809]
[0.774 0.488 0.556]
[0.808 1.149 0.505]
[0.611 0.96  0.389]
[0.463 0.321 0.365]
[0.809 0.83  1.508]
[0.52  0.747 0.668]
[0.751 0.644 0.381]
[0.699 0.661 0.235]
[0.877 1.16  1.053]
[0.842 0.878 0.853]
[0.695 1.071 0.742]
[0.698 0.758 0.247]
[0.417 0.754 0.472]
[0.634 0.766 1.074]
[0.737 1.022 0.57 ]
[0.729 0.877 0.735]
[0.413 0.862 0.476]
[0.679 1.282 0.74 ]
[0.591 0.827 0.46 ]
[1.055 0.362 2.622]
[0.429 0.868 0.284]
[0.493 0.759 0.549]
[0.63  1.463 0.379]
[0.681 0.536 0.498]
[0.521 0.318 0.476]
[1.041 1.119 1.472]
[0.639 0.355 0.68 ]
[0.493 0.484 0.286]
[0.632 0.524 0.916]
[0.875 0.499 0.532]
[0.965 0.683 0.938]
[1.053 0.972 1.358]
[0.906 0.273 1.329]
[0.582 0.721 0.801]
[0.697 0.911 1.044]
[1.035 0.376 0.94 ]
[0.821 0.897 0.971]
[0.767 0.856 0.37 ]
[0.772 0.877 0.382]
[0.381 0.637 0.639]
[0.334 1.07  0.477]
[0.575 0.447 0.496]
[0.347 0.819 0.463]
[0.717 0.698 0.395]
[0.698 0.588 0.812]
[0.514 0.457 0.434]
[0.447 0.627 0.603]
[0.894 0.834 0.726]
[0.564 0.987 0.817]
[0.54  0.222 0.202]
[0.826 1.009 0.466]
[0.527 0.724 0.824]
[0.54  0.364 0.484]
[0.615 0.424 0.587]
[0.792 0.267 0.549]
[1.029 1.585 0.897]
[0.821 0.428 0.974]
[1.113 0.905 1.184]
[1.534 0.415 3.012]
[0.819 0.269 0.603]
[0.626 0.575 0.337]
[0.657 0.722 0.724]
[0.79  0.275 0.832]
[0.465 0.915 0.341]
[0.63  1.332 0.631]
[0.631 1.017 1.088]
[0.65  0.373 0.522]
[0.835 0.351 0.77 ]
[1.063 1.188 1.515]
[0.69  1.044 0.687]
[0.742 0.158 0.35 ]
[0.912 0.314 0.972]
[0.928 0.667 1.072]
[0.402 0.656 0.676]
[0.635 0.392 0.391]
[0.409 0.769 0.268]
[0.728 0.539 0.242]
[0.561 0.361 0.424]
[0.815 0.473 0.288]
[0.351 0.397 0.284]
[0.442 0.489 0.273]
[0.815 1.061 1.465]
[1.052 0.459 0.694]
[1.002 0.514 0.598]
[0.39  0.357 0.187]
[0.56  0.968 1.133]
[0.626 0.334 0.174]
[0.415 0.643 0.269]
[0.591 0.582 0.301]
[0.66  0.288 0.489]
[0.271 0.528 0.233]
[0.771 0.78  0.459]
[0.608 0.438 0.233]
[0.67  0.467 0.663]
[1.169 0.268 0.984]
[0.647 0.382 0.619]
[2.815 0.067 1.636]
[0.978 0.527 0.849]
[0.883 1.06  0.855]
[0.715 0.446 0.282]
[1.162 1.214 1.339]
[0.953 0.095 0.371]
[0.51  0.604 0.275]
[1.098 1.418 1.142]
[0.749 0.499 0.315]
[0.986 0.572 0.903]
[1.005 0.516 2.024]
[0.722 0.45  0.223]
[0.577 0.919 0.591]
[0.666 0.738 0.806]
[0.557 0.383 0.503]
[0.498 0.748 0.202]
[0.808 0.592 0.898]
[0.458 0.743 0.626]
[0.701 0.756 0.697]
[0.753 1.005 0.576]
[0.572 1.216 1.132]
[0.631 0.372 0.697]
[0.462 0.071 0.412]
[0.84  0.51  0.398]
[0.758 0.463 0.397]
[1.626 0.048 1.   ]
[0.905 0.422 1.188]
[0.813 1.079 1.642]
[0.767 1.008 0.6  ]
[0.576 0.927 0.477]
[0.373 0.424 0.307]
[0.559 0.798 0.121]
[0.597 0.84  0.465]
[0.581 0.884 1.125]
[1.629 0.06  1.306]
[0.629 0.242 0.157]
[0.624 0.457 0.542]
[0.845 0.51  0.372]
[0.748 0.156 0.449]
[0.709 0.367 0.617]
[1.039 1.194 0.795]
[1.175 0.266 0.636]
[0.972 0.603 1.109]
[0.436 1.027 0.731]
[1.059 0.607 1.429]
[0.503 0.796 0.436]
[0.396 0.482 0.13 ]
[0.577 0.288 0.518]
[0.582 1.165 1.192]
[0.56  1.143 0.551]
[1.164 0.358 2.114]
[0.538 1.123 1.429]
[1.203 0.47  1.723]
[1.071 1.26  0.947]
[1.062 0.661 1.132]
[0.387 0.791 0.652]
[0.415 0.824 0.475]
[0.665 0.248 0.846]
[0.558 0.363 0.377]
[0.77  0.626 0.444]
[0.901 0.406 0.952]
[0.649 0.731 0.617]
[0.661 0.385 0.466]
[0.522 0.629 1.088]
[0.537 0.753 0.682]
[0.867 0.33  0.93 ]
[0.964 0.53  1.064]
[0.557 1.453 0.963]
[0.829 0.381 0.912]
[0.663 0.219 0.773]
[4.354 0.148 3.647]
[0.522 1.53  1.527]
[0.98  0.479 1.207]
[0.314 0.357 0.374]
[0.656 0.463 0.39 ]
[1.038 0.473 1.291]
[0.896 0.835 1.256]
[0.511 0.647 0.536]
[0.963 0.515 1.321]
[0.718 1.155 0.587]
[0.536 0.711 0.472]
[0.874 0.478 0.733]
[0.452 0.198 0.238]
[0.74  0.485 0.572]
[0.384 0.458 0.58 ]
[0.644 1.219 1.354]
[0.574 0.283 0.472]
[0.404 0.574 0.434]
[0.732 0.505 0.579]
[0.923 0.516 1.082]
[0.421 0.635 0.735]
[1.096 0.625 1.347]
[0.411 0.963 0.565]
[0.509 0.669 0.686]
[0.81  0.554 0.555]
[1.405 0.617 1.852]
[0.562 0.294 0.456]
[0.612 0.316 0.509]
[2.107 0.263 1.876]
[0.668 1.083 1.031]
[0.474 0.302 0.355]
[0.801 0.401 0.683]
[0.66 1.07 0.97]
[0.713 0.259 0.396]
[1.582 0.294 0.706]
[0.632 0.229 0.491]
[0.547 1.355 0.726]
[0.591 0.663 0.657]
[0.654 0.568 0.58 ]
[0.841 2.238 1.254]
[1.256 0.544 1.296]
[0.656 0.934 0.587]
[0.861 0.461 0.591]
[0.655 0.846 0.972]
[0.551 0.89  0.508]
[0.662 0.31  0.542]
[0.566 0.293 0.293]
[0.451 0.399 0.253]
[0.706 0.87  0.532]
[0.349 1.232 0.932]
[0.56  0.516 0.217]
[0.897 1.263 1.954]
[0.498 0.771 0.673]
[0.535 0.542 0.556]
[0.5   1.122 0.957]
[1.143 1.536 1.086]
[0.757 1.363 1.351]
[7.697 0.143 4.741]
[1.098 0.202 0.389]
[1.591 1.86  3.159]
[0.463 0.692 0.47 ]
[0.747 0.575 0.707]
[0.644 0.4   0.186]
[0.682 0.218 0.561]
[1.576 0.375 2.443]
[0.783 0.407 0.587]
[0.582 0.277 0.406]
[0.593 0.266 0.194]
[1.826 0.13  1.136]
[0.872 0.662 0.914]
[0.405 0.895 0.31 ]
[0.571 0.243 0.317]
[0.635 0.541 0.845]
[1.016 0.657 0.98 ]
[0.497 1.091 0.603]
[1.103 0.24  0.656]
[0.896 0.255 0.554]
[0.346 0.215 0.162]
[0.461 0.793 0.276]
[0.957 2.2   1.202]
[0.54  1.059 0.967]
[0.89  0.214 0.639]
[1.042 0.652 0.894]
[0.728 0.783 0.827]
[0.573 1.327 0.683]
[0.569 1.319 0.969]
[0.468 0.747 0.276]
[0.596 0.329 0.346]
[0.58  0.977 0.328]
[0.698 0.452 0.418]
[0.614 1.064 0.939]
[0.97  0.574 0.884]
[0.604 0.62  0.262]
[1.027 0.219 0.98 ]
[0.749 1.255 0.813]
[0.419 0.317 0.349]
[0.512 0.519 0.281]
[0.477 0.488 0.493]
[1.164 1.239 0.538]
[0.885 0.324 0.782]
[0.553 0.307 0.36 ]
[0.801 0.499 0.688]
[0.781 1.337 0.539]
[0.573 0.338 0.319]
[0.984 0.414 0.744]
[0.534 1.096 0.479]
[1.017 1.973 1.204]
[0.805 0.657 0.995]
[0.522 1.075 1.169]
[0.791 0.935 0.701]
[0.481 0.341 0.21 ]
[1.196 0.24  1.491]
[0.209 0.196 0.185]
[1.548 1.488 1.585]
[0.377 0.898 0.91 ]
[0.69  0.438 0.534]
[0.644 0.851 0.969]
[0.342 0.773 0.453]
[0.754 0.824 0.728]
[0.42  1.281 0.975]
[0.498 1.091 0.394]
[0.956 0.493 1.083]
[0.403 0.736 0.75 ]
[0.458 0.258 0.332]
[0.96  0.612 0.998]
[0.702 0.654 0.901]
[0.645 0.224 0.408]
[0.424 0.908 0.251]
[0.643 0.794 0.752]
[0.851 0.399 0.544]
[2.398 0.099 1.729]
[0.984 0.546 0.962]
[0.515 0.465 0.441]
[1.214 0.063 0.46 ]
[1.04  0.866 0.876]
[0.605 1.165 1.006]
[0.41  0.814 0.413]
[0.944 1.65  1.801]
[0.765 0.487 0.641]
[0.455 0.168 0.398]
[0.522 0.283 0.396]
[0.764 0.676 0.762]
[0.511 1.115 0.791]
[0.434 0.588 0.279]
[0.519 0.383 0.332]
[0.323 0.596 0.313]
[0.434 0.303 0.391]
[0.649 0.842 0.983]
[0.305 1.282 0.417]
[0.806 0.625 0.92 ]
[0.523 1.073 0.996]
[0.647 0.533 0.516]
[0.529 0.401 0.214]
[0.647 0.599 0.542]
[0.65  0.8   0.548]
[0.379 0.871 0.338]
[0.369 0.276 0.327]
[0.425 1.15  0.538]
[0.449 1.08  0.467]
[0.533 1.078 0.837]
[1.184 1.717 0.632]
[0.472 0.225 0.42 ]
[0.591 0.253 0.242]
[0.513 0.873 0.79 ]
[0.39  0.964 0.376]
[0.284 0.619 0.273]
[0.708 0.074 0.466]
[0.294 0.46  0.148]
[0.248 0.568 0.453]
[0.573 0.395 0.266]
[0.692 0.41  0.615]
[0.353 1.168 1.011]
[0.654 1.184 1.552]
[0.724 1.018 1.452]
[0.346 0.851 0.44 ]
[0.377 0.981 0.79 ]
[0.35  0.33  0.358]
[0.414 0.893 0.758]
[0.341 0.874 0.684]
[0.891 0.565 0.995]
[1.387 0.198 0.57 ]
[1.024 1.502 1.61 ]
[0.344 0.648 0.437]
[0.482 0.624 0.571]
[0.364 0.637 0.443]
[0.282 0.394 0.235]
[1.085 1.028 1.774]
[0.455 0.285 0.401]
[0.483 0.957 0.539]
[1.043 0.524 1.172]
[0.533 0.782 0.818]
[0.507 0.357 0.345]
[0.575 0.382 0.528]
[1.355 0.512 1.744]
[0.517 0.821 1.001]
[0.804 0.971 0.75 ]
[0.457 0.444 0.297]
[0.939 0.411 1.402]
[0.842 0.498 1.078]
[0.27  1.16  0.272]
[0.591 0.758 0.59 ]
[0.604 0.375 0.399]
[0.644 1.025 0.668]
[0.424 0.654 0.594]
[0.873 0.347 0.927]
[0.828 0.579 0.571]
[0.464 0.296 0.505]
[0.423 0.1   0.316]
[0.357 0.573 0.406]
[0.699 0.21  0.887]
[0.797 0.859 0.628]
[0.75  0.172 1.147]
[0.428 0.115 0.541]
[0.554 0.276 0.551]
[0.403 0.608 0.838]
[0.786 0.493 0.627]
[0.403 0.232 0.288]
[0.707 0.709 0.285]
[0.141 0.376 0.115]
[0.093 0.3   0.117]
[0.449 0.611 0.409]
[0.551 0.258 0.464]
[0.37  0.317 0.39 ]
[0.414 0.255 0.363]
[0.521 1.046 1.372]
[0.399 0.297 0.326]
[0.702 0.191 0.307]
[0.379 0.146 0.405]
[0.393 0.672 0.709]
[0.832 0.395 0.79 ]
[0.346 0.24  0.317]
[1.065 0.265 2.02 ]
[1.063 1.015 0.654]
[0.499 0.736 0.868]
[0.235 0.436 0.088]
[1.627 1.606 3.119]
[0.419 0.136 0.497]
[0.356 0.704 0.803]
[0.767 0.554 0.863]
[0.858 0.703 2.211]
[0.972 2.782 1.086]
[0.363 0.458 1.209]
[0.357 0.533 0.32 ]
[1.07  0.393 1.557]
[0.938 0.59  0.85 ]
[0.455 0.718 0.39 ]
[0.394 0.284 0.536]
[0.344 0.459 0.326]
[0.964 0.912 2.833]
[0.875 1.269 0.965]
[0.358 0.142 0.778]
[0.334 0.455 0.128]
[0.425 0.201 0.331]
[0.342 0.407 0.418]
[0.574 0.963 0.778]
[0.449 0.619 0.886]
[0.719 0.265 0.933]
[0.345 0.173 0.354]
[0.494 0.399 0.394]
[0.347 0.65  0.103]
[0.537 1.04  0.237]
[0.58  0.846 0.522]
[0.351 0.153 0.188]
[0.37  0.25  0.261]
[0.404 0.297 0.228]
[0.873 0.537 0.78 ]
[0.65  0.359 0.495]
[0.423 0.773 1.202]
[0.798 0.692 0.624]
[0.421 0.183 0.419]
[0.628 0.59  0.771]
[0.287 0.679 0.504]
[0.343 0.655 1.669]
[0.612 0.858 0.405]
[0.845 0.499 1.232]
[0.435 0.473 0.543]
[0.413 0.224 0.328]
[0.45  0.757 0.815]
[0.311 0.347 0.377]
[0.531 0.536 0.339]
[0.217 1.345 1.129]
[0.679 1.045 0.552]
[0.334 0.221 0.168]
[0.488 0.884 1.231]
[0.472 0.49  0.58 ]
[0.323 1.593 0.646]
[0.502 0.26  0.948]
[0.55  0.291 0.783]
[0.3   0.751 0.623]
[0.542 0.599 0.348]
[1.412 0.56  0.83 ]
[0.364 0.9   0.927]
[0.356 0.718 1.   ]
[0.4   0.196 0.291]
[0.232 0.962 0.149]
[0.334 0.421 0.225]
[0.42  0.296 0.519]
[0.7   0.908 0.587]
[0.363 0.716 0.6  ]
[0.638 0.584 0.405]
[0.591 0.167 1.168]
[0.726 0.976 0.625]
[0.338 0.527 0.322]
[0.419 0.637 0.327]
[0.556 0.859 1.016]
[2.031 0.107 1.329]
[0.943 1.13  0.827]
[0.45  0.954 1.563]
[0.887 0.67  1.081]
[0.359 0.216 0.474]
[0.711 0.664 0.611]
[0.853 0.675 0.66 ]
[0.393 0.291 0.451]
[0.325 0.879 0.435]
[0.33  0.124 0.662]
[0.425 0.209 0.38 ]
[0.468 0.393 0.918]
[0.347 0.617 0.302]
[1.175 2.631 2.395]
[0.322 0.351 0.571]
[0.483 0.52  0.444]
[0.467 0.304 0.611]
[0.583 0.617 0.468]
[0.391 1.074 0.853]
[0.651 0.849 0.472]
[0.602 0.593 0.529]
[0.352 0.339 0.2  ]
[1.115 2.625 0.872]
[0.304 0.204 0.359]
[0.503 0.61  0.44 ]
[0.739 0.83  0.596]
[0.615 0.753 0.712]
[2.232 0.092 1.112]
[0.563 1.126 0.597]
[0.382 1.343 0.801]
[0.435 0.165 0.364]
[0.414 0.289 0.305]
[0.388 0.267 0.303]
[0.714 0.96  0.723]
[0.627 0.444 0.416]
[0.349 0.297 0.269]
[0.418 0.223 0.425]
[0.537 1.037 1.362]
[0.412 0.218 0.455]
[0.637 0.876 0.634]
[0.454 0.591 0.543]
[0.136 0.225 0.71 ]
[0.54  0.617 0.564]
[0.327 0.829 0.285]
[0.515 0.68  0.472]
[0.408 0.212 0.457]
[0.508 0.072 0.165]
[0.347 0.364 0.17 ]
[0.43  0.223 0.321]
[0.861 0.519 1.169]
[0.311 0.141 0.287]
[0.652 0.561 0.549]
[0.352 0.746 0.391]
[0.236 0.655 0.658]
[0.302 0.186 0.594]
[0.36  0.931 0.333]
[0.308 0.398 0.381]
[0.381 0.451 0.312]
[0.542 0.635 0.538]
[0.426 1.47  0.682]
[0.415 0.243 0.474]
[0.36  0.129 0.361]
[0.493 0.24  0.315]
[0.343 0.36  0.35 ]
[0.402 0.319 0.274]
[0.476 0.258 0.446]
[0.328 0.273 0.295]
[0.391 0.293 0.089]
[0.556 0.607 0.74 ]
[0.811 0.531 0.617]
[0.515 0.404 0.618]
[0.456 0.296 0.37 ]
[0.361 0.312 0.441]
[0.467 0.498 0.266]
[0.716 0.609 0.511]
[0.648 0.789 0.812]
[0.551 0.984 0.569]
[0.507 0.506 0.307]
[0.253 0.261 0.369]
[0.447 0.666 0.432]
[0.34  0.135 0.232]
[0.686 0.957 0.556]
[0.637 0.476 0.546]
[0.562 0.478 0.558]
[0.467 0.433 0.253]
[0.244 0.443 0.242]
[0.257 1.363 0.465]
[0.308 0.701 0.391]
[0.23  0.69  0.277]
[0.146 0.429 0.251]
[1.255 0.464 1.399]
[0.355 0.297 0.106]
[0.322 0.251 0.274]
[1.466 0.823 0.686]
[0.343 0.923 0.371]
[1.357 2.709 1.482]
[0.703 0.666 0.386]
[0.226 0.476 0.473]
[0.465 0.451 0.501]
[0.673 0.723 0.443]
[0.465 0.618 0.356]
[0.347 0.538 0.391]
[0.653 1.375 1.171]
[0.388 0.322 0.502]
[0.563 1.109 0.503]
[0.251 1.164 0.461]
[0.427 0.189 0.599]
[0.372 1.053 0.277]
[0.474 0.439 0.667]
[0.495 0.402 0.343]
[0.472 1.245 0.573]
[0.531 0.547 0.488]
[0.31  0.322 0.24 ]
[0.348 0.328 0.458]
[1.041 0.487 0.927]
[0.581 0.469 0.635]
[0.578 0.36  0.588]
[0.701 0.618 0.385]
[0.461 1.079 1.022]
[0.333 0.195 0.385]
[0.278 0.387 0.155]
[0.299 0.249 0.378]
[0.195 0.897 0.372]
[0.259 0.316 0.209]
[0.277 0.232 0.267]
[0.489 0.539 0.396]
[0.261 0.916 0.543]
[0.555 0.611 0.271]
[0.341 0.768 0.297]
[1.264 0.626 0.59 ]
[0.409 0.98  1.056]
[0.595 0.18  0.26 ]
[0.41  0.521 0.353]
[0.34  0.189 0.352]
[0.395 0.551 0.314]
[0.444 0.602 0.241]
[0.361 0.479 0.323]
[0.742 0.429 0.288]
[0.128 1.173 0.308]
[0.343 0.284 0.46 ]
[0.309 0.391 0.109]
[0.38  0.704 0.2  ]
[1.031 1.915 2.197]
[1.104 2.269 0.949]
[0.441 1.114 0.7  ]
[1.018 0.872 1.22 ]
[0.809 3.164 1.604]
[0.502 0.877 0.442]
[0.578 0.6   0.652]
[0.338 0.723 0.231]
[0.708 0.925 0.498]
[0.454 1.102 0.375]
[0.545 0.569 0.345]
[0.609 0.68  0.448]
[0.392 0.906 0.316]
[1.118 0.511 0.812]
[0.488 0.604 0.427]
[0.311 0.993 0.416]
[0.406 0.804 0.213]
[0.295 0.571 0.244]
[0.645 0.713 0.374]
[0.575 0.799 0.45 ]
[0.254 0.33  0.138]
[0.794 0.715 0.703]
[0.335 0.997 0.585]
[0.307 0.151 0.286]
[0.44  0.688 0.461]
[0.988 0.89  1.562]
[0.228 0.171 0.307]
[0.716 0.736 0.618]
[0.25  0.621 0.192]
[0.739 0.553 0.631]
[0.364 1.074 0.573]
[0.264 0.273 0.178]
[0.366 0.886 0.202]
