[1. 1. 1.]
[0.988 1.011 0.979]
[0.963 0.964 0.977]
[0.989 0.984 0.903]
[0.958 0.866 0.935]
[0.938 0.935 0.982]
[0.935 0.918 0.966]
[0.796 0.826 1.091]
[0.771 0.796 0.788]
[0.893 0.858 0.923]
[0.885 0.882 1.033]
[0.914 0.886 0.925]
[0.951 0.709 1.097]
[1.02  0.944 1.018]
[1.173 0.527 1.667]
[1.509 0.578 1.935]
[1.017 0.845 1.155]
[0.916 1.01  0.924]
[0.949 0.727 1.367]
[0.945 1.079 0.932]
[1.109 0.707 1.679]
[0.933 1.022 0.734]
[0.858 0.71  1.071]
[0.91  0.868 0.917]
[0.852 0.743 1.169]
[1.174 0.57  2.108]
[1.168 0.598 1.414]
[1.2   0.87  1.434]
[0.886 0.881 0.824]
[0.792 1.062 0.931]
[0.978 0.67  0.86 ]
[0.907 0.986 0.895]
[0.931 0.916 0.929]
[1.204 0.569 1.478]
[1.342 0.571 1.586]
[0.943 0.868 0.828]
[1.007 0.828 1.354]
[0.853 0.637 0.902]
[0.876 0.979 1.577]
[0.933 0.636 1.099]
[0.852 0.966 0.659]
[1.105 0.863 1.16 ]
[0.894 0.914 0.99 ]
[0.85  0.967 0.994]
[0.94  0.846 1.01 ]
[1.035 0.93  1.023]
[0.838 0.904 0.889]
[0.802 0.668 0.733]
[0.967 0.999 0.902]
[0.732 0.771 0.661]
[0.789 0.743 0.776]
[0.932 0.893 1.215]
[0.873 0.908 0.808]
[0.807 0.676 1.508]
[0.788 0.943 0.683]
[0.884 0.743 1.061]
[0.871 0.858 1.077]
[0.73  0.745 0.594]
[0.765 0.861 0.569]
[0.774 0.815 0.682]
[0.941 0.754 0.759]
[0.749 0.689 0.638]
[0.697 0.691 0.641]
[0.811 0.719 0.636]
[0.939 0.724 0.846]
[0.882 0.686 2.089]
[0.79  0.833 0.513]
[0.75  0.607 1.411]
[0.621 0.708 0.518]
[0.912 0.771 1.449]
[0.867 0.816 0.67 ]
[0.907 1.071 0.629]
[0.993 0.604 2.045]
[0.765 1.055 0.736]
[0.829 0.725 1.851]
[0.78  0.917 0.495]
[0.888 0.695 1.416]
[0.903 0.855 0.798]
[0.813 0.677 1.099]
[0.776 0.647 0.534]
[0.849 0.794 1.588]
[0.671 0.797 0.468]
[0.759 0.98  0.601]
[0.782 0.776 1.238]
[0.967 0.833 1.118]
[0.795 0.771 0.321]
[0.681 0.939 0.783]
[0.764 0.86  1.006]
[0.887 0.717 1.316]
[0.755 0.861 0.945]
[0.773 0.763 0.302]
[0.858 0.79  1.204]
[0.706 0.947 0.958]
[1.067 0.674 1.071]
[0.803 0.672 0.959]
[0.899 0.861 0.822]
[0.739 0.805 0.71 ]
[0.715 0.883 0.594]
[0.817 0.626 1.39 ]
[0.714 0.608 1.816]
[0.658 0.945 0.762]
[0.86  0.578 1.612]
[0.738 0.883 0.571]
[0.708 0.776 0.338]
[0.883 0.945 0.789]
[0.672 0.75  0.563]
[1.084 0.878 0.823]
[0.524 0.822 0.425]
[0.778 0.993 0.568]
[0.739 0.535 1.786]
[0.75  0.963 0.761]
[0.82  0.747 0.903]
[0.758 0.899 0.861]
[0.718 0.991 0.575]
[0.93  0.741 0.863]
[0.562 0.72  0.383]
[0.877 0.982 1.23 ]
[0.815 0.81  0.458]
[0.666 0.758 0.694]
[0.577 0.785 0.546]
[0.53  0.756 0.33 ]
[1.103 0.634 2.102]
[1.263 1.193 1.043]
[0.618 0.846 0.507]
[0.706 0.825 0.316]
[0.784 0.625 0.81 ]
[0.586 0.819 0.27 ]
[0.734 0.739 1.314]
[0.743 0.98  0.799]
[0.608 0.753 0.272]
[0.934 0.738 1.361]
[0.8   0.943 0.527]
[0.913 0.736 2.57 ]
[0.638 1.032 0.379]
[0.925 0.923 0.959]
[1.034 1.102 0.327]
[0.698 0.684 0.452]
[0.772 0.749 1.851]
[1.021 0.828 0.911]
[0.858 0.755 1.072]
[0.639 0.708 0.52 ]
[0.59  0.739 0.31 ]
[1.116 0.964 1.516]
[0.735 0.795 0.501]
[0.7   0.962 0.76 ]
[0.663 1.01  0.559]
[0.813 1.135 0.811]
[0.89  0.772 1.568]
[0.736 0.734 0.556]
[1.07  0.873 1.365]
[1.082 1.019 0.844]
[0.766 0.844 0.246]
[0.9   0.842 0.725]
[0.783 0.693 1.619]
[0.803 0.868 1.662]
[0.628 0.636 0.741]
[0.773 0.85  1.565]
[0.785 1.242 1.33 ]
[0.721 0.966 0.895]
[0.726 0.623 1.236]
[0.612 0.643 0.664]
[0.708 0.711 1.447]
[0.671 0.764 1.082]
[0.784 0.864 1.141]
[0.643 0.811 0.808]
[0.794 0.854 0.433]
[1.122 0.908 0.86 ]
[0.608 0.876 1.572]
[1.209 0.76  0.895]
[0.709 1.047 0.928]
[0.411 0.762 0.143]
[0.666 0.66  1.04 ]
[0.704 0.915 1.49 ]
[0.668 0.761 0.207]
[0.787 0.885 1.913]
[0.848 0.829 0.268]
[0.733 0.781 1.595]
[0.626 0.908 0.634]
[0.582 0.719 0.167]
[1.047 0.745 0.921]
[0.514 0.772 0.249]
[0.79  0.984 0.338]
[0.873 0.748 0.303]
[0.694 1.032 0.903]
[0.597 0.708 1.039]
[0.792 0.698 0.264]
[0.477 0.715 0.849]
[1.451 1.073 1.085]
[1.173 1.272 0.578]
[1.192 0.926 0.777]
[1.401 0.921 0.982]
[1.126 1.203 0.809]
[0.733 0.792 0.954]
[0.903 0.706 1.422]
[0.614 0.658 0.922]
[0.377 0.737 0.258]
[0.831 1.121 0.849]
[1.259 0.766 0.618]
[0.659 0.913 0.378]
[0.813 0.997 0.998]
[0.926 1.076 1.234]
[1.334 1.081 0.947]
[0.721 0.649 0.337]
[0.774 0.775 0.277]
[0.51  0.668 0.8  ]
[1.22  1.092 0.842]
[0.673 1.07  0.902]
[0.621 1.354 0.722]
[0.659 1.384 1.063]
[0.578 0.985 0.357]
[0.913 0.687 1.836]
[0.573 0.629 0.92 ]
[0.952 0.702 0.674]
[0.856 1.148 0.904]
[1.065 0.996 0.708]
[0.769 0.985 0.458]
[0.854 0.748 0.419]
[0.65  1.097 0.883]
[1.163 1.38  1.012]
[0.663 0.811 1.503]
[0.946 1.394 0.468]
[0.536 0.626 0.19 ]
[0.64  1.163 0.756]
[0.793 1.26  0.502]
[0.521 0.671 0.552]
[0.615 0.884 1.414]
[1.044 1.308 0.778]
[0.544 0.576 0.205]
[0.697 0.76  1.335]
[1.524 2.025 1.501]
[0.519 0.692 0.874]
[1.461 1.445 0.983]
[0.603 0.826 0.915]
[0.838 1.138 0.419]
[1.169 0.638 0.343]
[0.632 0.506 0.641]
[0.749 0.976 0.856]
[0.827 1.117 1.158]
[0.688 0.568 0.566]
[0.555 0.677 1.09 ]
[0.759 1.1   0.754]
[0.531 0.463 0.193]
[0.561 0.62  0.537]
[0.523 0.587 0.933]
[0.519 0.551 0.205]
[0.474 0.478 0.984]
[0.452 0.407 0.769]
[0.831 1.294 0.473]
[1.172 1.167 0.774]
[1.099 0.82  0.357]
[0.561 0.53  1.006]
[1.03  1.018 0.846]
[0.982 1.375 0.586]
[0.575 0.701 0.385]
[0.71  0.668 0.275]
[0.519 0.498 1.013]
[0.617 0.599 1.173]
[0.656 0.781 0.281]
[0.817 1.203 0.845]
[0.65  0.759 0.595]
[0.922 0.853 0.343]
[0.997 1.056 0.978]
[0.68  0.593 0.245]
[0.831 1.152 0.552]
[1.166 1.105 1.059]
[0.704 0.618 0.23 ]
[0.549 0.765 1.23 ]
[0.894 0.762 0.351]
[0.684 0.71  0.265]
[0.575 0.671 0.644]
[0.614 0.814 1.007]
[0.866 1.281 0.966]
[0.679 0.6   1.392]
[0.975 1.505 0.925]
[0.799 1.502 0.688]
[0.677 0.781 1.353]
[0.618 1.151 0.562]
[0.674 0.873 0.72 ]
[0.673 0.451 1.173]
[0.78  0.853 1.592]
[0.67  0.832 1.176]
[0.724 0.714 1.203]
[0.877 2.011 0.422]
[0.62  1.257 1.305]
[0.636 0.642 0.182]
[0.741 0.54  0.741]
[0.6   0.757 0.226]
[1.146 0.876 0.703]
[0.691 1.403 0.57 ]
[1.044 0.993 0.782]
[1.116 1.046 0.651]
[0.654 0.76  0.95 ]
[0.656 0.626 0.622]
[0.864 0.547 0.234]
[0.6   0.658 1.16 ]
[0.714 1.267 0.665]
[0.674 0.667 0.228]
[0.887 0.94  0.769]
[0.811 0.497 0.291]
[0.612 0.6   0.596]
[0.889 0.996 0.735]
[0.858 0.984 0.71 ]
[0.651 0.711 0.215]
[0.719 0.651 0.244]
[0.986 1.298 0.831]
[0.871 0.552 0.312]
[1.076 0.985 0.717]
[0.902 0.606 0.392]
[0.774 0.793 1.145]
[0.829 0.974 0.727]
[0.834 1.722 0.918]
[0.895 1.028 0.726]
[0.708 0.621 1.061]
[0.633 0.553 0.175]
[0.631 0.977 1.344]
[0.74  0.565 0.277]
[0.775 0.759 1.411]
[0.736 0.568 1.435]
[0.747 0.699 0.546]
[0.82  0.834 0.526]
[0.769 0.894 0.402]
[0.701 1.036 0.691]
[0.73  0.679 0.218]
[0.59  0.514 0.458]
[0.721 1.007 0.688]
[0.652 0.856 0.569]
[0.733 0.518 0.259]
[0.555 0.54  0.214]
[0.734 0.66  0.714]
[0.514 1.013 0.684]
[0.712 0.549 0.862]
[0.588 1.012 1.296]
[0.663 0.747 1.031]
[0.641 0.613 1.203]
[0.6   0.596 0.903]
[1.03  0.814 0.372]
[0.632 0.897 0.515]
[1.176 0.861 0.307]
[0.802 0.695 0.243]
[0.85  0.683 0.294]
[0.941 0.985 0.605]
[0.552 0.738 0.184]
[1.126 0.46  0.572]
[0.901 0.704 0.48 ]
[0.977 1.159 0.759]
[0.745 0.733 0.233]
[0.822 0.414 0.686]
[0.901 0.877 0.55 ]
[0.949 0.914 0.604]
[0.856 0.498 0.944]
[1.065 0.384 0.21 ]
[0.558 0.615 0.719]
[0.77  0.582 0.388]
[0.597 0.8   0.563]
[0.674 0.834 1.155]
[0.71  0.597 0.966]
[0.8   0.845 0.288]
[0.773 0.773 0.903]
[0.659 0.875 0.414]
[1.135 0.785 0.274]
[2.226 0.324 0.497]
[0.74  0.801 1.378]
[0.858 0.786 0.241]
[0.696 0.539 0.444]
[0.718 0.994 0.281]
[0.874 1.091 0.818]
[0.66  0.705 0.709]
[0.69  0.635 0.502]
[0.519 0.771 1.351]
[0.86  0.75  0.563]
[1.366 0.66  0.415]
[0.539 0.613 1.058]
[1.062 1.042 1.059]
[0.608 0.395 0.177]
[0.492 0.612 1.003]
[0.892 0.691 0.437]
[0.703 0.756 0.155]
[0.799 1.045 1.017]
[0.583 0.716 0.98 ]
[0.798 0.538 0.184]
[1.032 0.535 0.349]
[0.774 0.709 0.531]
[0.73  0.366 1.129]
[0.809 0.447 0.365]
[0.756 0.593 0.186]
[0.994 0.685 0.404]
[0.602 0.535 1.204]
[0.575 0.718 0.813]
[0.809 0.489 0.364]
[0.587 0.65  0.822]
[0.65  0.586 0.685]
[0.566 0.386 0.427]
[0.653 0.764 0.721]
[0.82  1.118 0.742]
[0.671 0.637 1.117]
[0.58  0.507 0.794]
[0.655 0.602 0.96 ]
[1.081 0.659 0.324]
[0.769 0.814 1.019]
[0.59  0.497 0.731]
[0.655 0.615 0.253]
[1.241 0.679 0.416]
[0.823 0.526 0.287]
[0.584 0.726 1.31 ]
[0.679 0.728 0.497]
[0.551 0.668 1.086]
[0.872 0.585 0.368]
[0.836 0.523 0.222]
[0.733 1.143 0.216]
[0.53  1.104 0.549]
[0.9   1.198 0.267]
[0.852 1.011 0.152]
[0.738 0.965 0.508]
[0.664 0.466 0.164]
[0.555 0.574 1.136]
[0.582 0.848 0.725]
[1.423 0.891 0.182]
[0.653 0.475 0.803]
[0.568 0.729 0.615]
[0.826 0.771 0.146]
[0.42  0.601 0.941]
[0.757 0.64  0.153]
[0.739 1.485 0.381]
[0.674 1.092 0.434]
[0.596 0.753 0.823]
[0.851 0.546 0.167]
[0.787 0.826 0.161]
[0.713 0.483 0.812]
[0.56  0.808 0.232]
[0.836 0.454 0.382]
[1.051 0.675 0.183]
[0.641 0.473 0.37 ]
[0.486 0.766 0.66 ]
[0.556 0.727 0.421]
[0.755 1.414 0.438]
[0.727 1.334 0.569]
[0.952 1.248 0.166]
[0.584 0.689 0.964]
[0.612 1.039 0.473]
[0.704 0.961 0.592]
[0.416 0.698 1.033]
[0.738 0.72  0.366]
[0.991 1.153 0.161]
[0.588 0.726 1.365]
[0.837 0.13  0.641]
[1.06  1.088 0.19 ]
[0.52  0.569 0.983]
[1.454 1.357 0.538]
[0.824 0.989 0.653]
[0.963 0.383 0.248]
[1.091 0.667 0.518]
[0.788 1.169 0.503]
[0.992 0.854 0.258]
[0.552 1.56  0.557]
[1.602 0.534 0.307]
[0.688 0.511 0.986]
[0.952 0.462 0.205]
[0.66  0.817 0.892]
[0.58  0.493 0.945]
[0.665 1.616 0.673]
[0.834 0.28  0.14 ]
[0.709 0.983 0.603]
[1.332 0.543 0.249]
[0.61  1.048 0.717]
[0.432 0.604 0.818]
[0.978 0.931 0.171]
[1.023 0.411 0.253]
[1.116 0.414 0.317]
[0.351 0.489 0.688]
[0.841 0.863 0.833]
[0.6   0.356 0.817]
[0.924 0.794 0.367]
[0.641 0.967 0.288]
[0.673 0.614 0.924]
[0.574 0.645 1.027]
[0.671 0.562 1.139]
[1.161 0.505 0.281]
[1.116 0.751 0.633]
[0.934 0.483 0.351]
[0.616 0.15  0.766]
[0.767 0.956 0.485]
[0.583 0.92  0.468]
[0.817 0.639 0.159]
[0.817 1.437 0.255]
[0.481 0.611 1.01 ]
[1.092 0.864 0.276]
[0.805 0.751 0.898]
[0.63  1.24  0.557]
[0.602 0.726 0.537]
[0.706 1.035 0.169]
[1.374 0.528 0.307]
[0.74 0.85 0.16]
[0.462 1.031 0.584]
[0.644 0.656 0.882]
[0.616 0.787 1.095]
[0.9   0.897 0.303]
[0.708 0.74  0.165]
[0.857 0.715 0.188]
[1.107 0.898 0.525]
[0.87  1.115 0.597]
[0.507 0.648 0.444]
[0.806 0.41  0.23 ]
[0.777 0.799 0.468]
[0.628 1.096 0.585]
[0.464 0.579 0.909]
[0.422 1.257 0.517]
[0.65  0.19  0.526]
[1.012 0.16  0.869]
[1.03  0.883 0.448]
[0.699 0.895 0.636]
[1.377 0.706 0.37 ]
[1.324 0.587 0.247]
[0.796 0.795 0.166]
[0.69  0.754 1.005]
[0.485 1.159 0.468]
[0.912 0.908 0.156]
[1.278 0.426 0.76 ]
[1.31  0.529 0.303]
[0.333 0.492 0.811]
[0.649 0.779 0.497]
[1.036 0.488 0.441]
[0.54  0.572 0.972]
[1.288 1.001 0.521]
[0.716 1.006 0.562]
[0.603 1.033 0.67 ]
[0.649 1.477 0.558]
[0.709 0.616 1.186]
[1.112 0.732 0.993]
[0.973 1.251 0.513]
[1.927 0.674 0.179]
[0.856 0.999 0.474]
[0.838 0.438 0.203]
[0.81  0.888 0.194]
[0.778 1.009 0.19 ]
[0.957 1.111 0.443]
[1.843 0.737 0.168]
[0.933 0.61  0.166]
[0.812 0.614 0.7  ]
[0.688 0.985 0.493]
[1.217 0.819 0.423]
[1.549 0.527 0.387]
[1.072 0.702 0.552]
[0.299 0.553 0.656]
[0.911 0.926 0.536]
[0.881 0.6   0.511]
[0.474 0.542 0.996]
[0.9   0.896 0.516]
[0.735 0.4   0.218]
[0.995 1.003 0.639]
[0.924 0.72  0.544]
[0.618 0.997 0.667]
[0.653 1.466 0.52 ]
[0.704 0.398 0.216]
[0.603 0.519 0.896]
[0.79  0.106 1.024]
[0.63  0.466 0.17 ]
[0.944 0.588 0.527]
[0.323 0.402 0.688]
[0.46  1.329 0.457]
[0.499 0.678 0.526]
[0.907 0.442 0.975]
[0.647 0.46  0.448]
[0.632 0.317 0.871]
[2.162 0.626 0.724]
[0.451 0.468 0.698]
[0.636 0.625 0.547]
[0.691 0.489 0.462]
[0.468 0.362 0.874]
[0.686 0.438 0.303]
[0.55  0.56  0.832]
[0.742 0.379 0.903]
[0.597 0.567 0.35 ]
[0.466 0.303 0.634]
[0.68  0.359 0.666]
[1.1   0.66  0.362]
[1.04  0.618 0.62 ]
[0.453 0.864 0.448]
[0.81  0.457 0.214]
[0.932 0.712 0.902]
[0.751 0.495 0.228]
[0.87  0.197 1.044]
[0.62  0.508 1.167]
[0.58  1.65  0.491]
[0.509 0.518 1.099]
[0.529 0.311 0.237]
[1.41  0.491 0.776]
[0.983 1.155 0.865]
[0.947 0.571 0.785]
[0.759 0.414 0.317]
[0.478 0.682 0.544]
[0.773 0.518 0.22 ]
[0.439 1.52  0.473]
[0.593 0.892 0.128]
[1.469 0.662 0.527]
[0.654 0.442 1.198]
[0.574 0.864 0.143]
[0.892 0.712 0.198]
[1.893 0.56  0.358]
[0.607 0.893 0.708]
[0.451 1.03  0.594]
[0.662 0.515 1.152]
[2.052 0.615 0.135]
[0.765 0.887 0.177]
[1.013 1.025 0.703]
[1.319 1.156 0.531]
[0.588 0.312 0.704]
[0.495 0.228 0.537]
[0.647 1.107 0.659]
[0.77  0.735 0.723]
[0.529 0.314 0.8  ]
[0.434 0.499 0.443]
[1.108 0.515 0.165]
[0.47  1.032 0.518]
[0.985 0.973 0.128]
[1.552 0.478 0.519]
[1.201 1.404 0.528]
[0.895 0.406 0.259]
[0.481 0.342 1.111]
[1.355 1.295 0.555]
[0.801 0.638 0.517]
[0.917 0.796 1.28 ]
[0.443 0.912 0.556]
[1.286 0.542 0.533]
[0.688 0.446 1.217]
[0.823 0.417 0.292]
[1.339 1.029 0.511]
[0.588 0.456 1.216]
[0.612 0.589 0.563]
[0.725 0.852 0.149]
[0.627 0.463 1.135]
[1.269 1.084 0.575]
[1.162 0.917 0.5  ]
[0.858 0.518 0.172]
[1.068 0.679 0.645]
[0.397 0.662 0.53 ]
[0.574 0.477 0.541]
[0.537 0.796 0.155]
[1.447 0.836 0.656]
[2.256 1.276 0.665]
[0.389 0.522 1.224]
[0.43  0.148 0.435]
[0.347 1.034 0.596]
[0.747 0.586 1.083]
[0.854 1.536 0.818]
[0.896 1.131 0.388]
[0.42  0.752 0.532]
[1.226 0.786 1.571]
[0.865 0.456 0.603]
[0.915 0.671 0.556]
[0.818 0.659 0.26 ]
[1.17  0.635 0.616]
[0.862 0.375 0.158]
[0.6   0.937 0.18 ]
[0.334 0.449 0.884]
[1.002 0.856 0.506]
[0.455 0.725 0.543]
[1.28  1.3   0.485]
[1.262 1.056 0.535]
[1.114 1.369 0.587]
[0.418 0.951 0.402]
[1.124 1.131 0.505]
[0.771 0.4   0.636]
[0.738 0.375 0.945]
[0.919 0.294 0.132]
[0.461 0.489 0.332]
[0.512 0.398 0.523]
[1.103 0.567 0.188]
[0.778 0.305 0.158]
[0.384 0.198 0.433]
[0.774 0.763 0.165]
[0.782 0.433 0.166]
[0.676 0.496 0.118]
[0.243 0.359 0.992]
[0.769 1.149 0.676]
[0.83  0.312 0.145]
[0.235 0.417 0.522]
[1.266 0.62  0.519]
[0.474 0.59  0.323]
[0.301 0.718 0.56 ]
[0.583 0.577 1.189]
[0.462 0.49  1.123]
[1.233 1.181 0.645]
[0.396 0.631 0.461]
[0.845 0.548 0.523]
[0.923 0.561 0.575]
[0.927 0.306 0.201]
[0.507 0.666 1.462]
[0.49  0.459 0.572]
[1.396 0.401 0.852]
[0.595 0.248 0.857]
[1.163 0.6   0.152]
[1.407 0.831 0.793]
[0.553 0.514 0.563]
[0.503 0.9   0.636]
[1.226 1.269 0.493]
[0.625 0.972 0.159]
[0.367 0.231 0.511]
[0.583 0.493 0.567]
[0.472 0.543 0.239]
[0.649 0.352 0.218]
[0.656 0.477 0.552]
[0.531 0.976 1.56 ]
[0.495 0.559 1.001]
[0.197 0.443 0.449]
[0.333 0.121 0.336]
[1.071 0.879 0.237]
[0.665 0.129 0.542]
[0.729 0.146 0.601]
[0.241 0.065 0.33 ]
[1.197 0.933 0.757]
[0.828 0.689 0.883]
[0.321 0.099 0.421]
[0.384 0.561 0.462]
[0.432 0.82  1.234]
[0.239 0.258 0.542]
[0.384 0.643 0.481]
[0.476 0.663 0.455]
[0.641 0.271 0.394]
[1.807 1.661 0.632]
[0.301 0.147 0.47 ]
[0.788 1.006 0.423]
[0.773 0.617 0.4  ]
[0.741 0.435 0.111]
[0.215 0.514 0.419]
[0.693 0.551 0.6  ]
[0.973 0.915 0.498]
[0.393 0.301 1.076]
[0.881 0.852 0.618]
[0.657 0.762 0.507]
[0.297 0.495 0.482]
[0.483 0.288 0.569]
[0.845 0.502 0.234]
[0.444 0.509 1.021]
[0.737 0.604 0.548]
[0.508 0.525 0.196]
[1.004 0.333 0.253]
[0.782 1.04  0.557]
[0.628 0.834 0.142]
[0.811 1.428 0.557]
[0.935 0.321 0.207]
[0.362 0.453 1.095]
[0.469 0.505 0.23 ]
[0.973 0.345 0.236]
[0.514 0.796 1.372]
[0.626 0.718 0.247]
[0.927 0.932 0.189]
[0.37  1.014 0.56 ]
[0.906 0.256 0.209]
[0.849 0.691 0.352]
[0.618 0.924 0.994]
[0.487 0.432 0.749]
[0.596 0.518 0.189]
[0.22  0.146 0.51 ]
[0.296 0.205 1.036]
[0.743 0.765 0.143]
[0.958 0.771 0.713]
[0.295 0.39  0.2  ]
[0.419 0.4   0.188]
[0.66  0.349 0.153]
[0.517 0.325 1.252]
[0.832 0.429 0.092]
[1.141 0.79  0.265]
[0.725 1.124 0.693]
[0.395 0.308 1.443]
[0.383 0.601 0.538]
[0.646 0.547 0.351]
[0.942 0.73  0.857]
[0.474 0.396 1.301]
[0.32  0.312 1.146]
[0.916 0.322 0.181]
[0.521 0.316 0.163]
[1.2   1.364 0.465]
[0.965 0.83  0.638]
[0.615 0.671 0.189]
[0.86  0.307 0.306]
[0.905 0.706 0.786]
[0.497 0.602 0.512]
[0.717 0.649 0.37 ]
[1.173 1.387 0.486]
[1.262 1.907 1.028]
[1.66  0.935 1.249]
[0.24  0.42  0.686]
[0.279 0.243 0.805]
[0.344 0.331 1.012]
[0.487 0.36  0.182]
[0.257 0.658 0.437]
[0.883 0.483 0.168]
[0.816 1.142 0.344]
[0.822 0.582 0.33 ]
[0.82  0.451 0.669]
[0.845 0.702 0.19 ]
[0.301 0.754 0.471]
[0.283 0.865 0.367]
[1.074 0.443 0.268]
[0.38  0.284 0.656]
[1.29  0.788 0.625]
[0.795 0.882 0.465]
[1.016 1.124 0.229]
[0.908 0.58  1.366]
[0.743 0.747 0.367]
[0.268 0.275 0.803]
[0.93  0.467 0.782]
[0.351 0.821 0.328]
[0.879 0.62  0.531]
[0.44  0.646 0.442]
[1.191 1.986 0.591]
[1.009 0.391 0.376]
[1.213 1.312 0.477]
[0.742 0.399 1.427]
[0.398 0.424 0.771]
[0.883 0.38  0.174]
[0.715 0.376 0.787]
[0.386 0.204 1.14 ]
[1.004 0.699 0.228]
[0.959 0.849 0.247]
[0.235 0.766 0.401]
[0.708 1.075 0.446]
[1.401 0.594 0.145]
[1.142 1.254 0.438]
[0.59  0.224 0.938]
[0.748 1.199 0.15 ]
[0.457 0.462 0.171]
[0.665 0.437 0.224]
[0.863 1.518 0.223]
[0.703 1.082 0.16 ]
[0.237 0.922 0.255]
[0.805 0.769 0.125]
[0.185 0.442 0.531]
[0.483 0.53  0.351]
[0.422 0.334 1.214]
[0.286 0.564 0.459]
[1.617 1.542 0.224]
[0.355 0.51  1.015]
[0.215 0.163 0.331]
[0.249 0.667 0.523]
[0.911 1.197 0.753]
[0.275 0.246 0.531]
[1.539 0.524 0.614]
[0.201 1.097 0.341]
[1.078 0.378 0.204]
[0.189 0.087 0.353]
[1.62  0.494 0.702]
[0.642 0.302 0.844]
[1.085 0.392 0.229]
[0.442 0.351 0.95 ]
[0.481 0.304 1.034]
[0.478 0.838 0.215]
[0.729 0.922 0.256]
[0.628 0.488 0.303]
[0.989 0.449 1.092]
[0.694 0.424 1.431]
[1.127 0.376 0.226]
[1.115 0.425 0.513]
[0.213 0.92  0.364]
[0.651 0.355 1.422]
[1.576 0.525 0.539]
[0.454 0.454 0.523]
[1.763 0.773 0.51 ]
[0.768 0.318 0.213]
[1.041 0.647 1.075]
[0.552 0.604 0.457]
[0.459 0.824 0.36 ]
[1.472 0.803 0.142]
[0.188 0.146 0.412]
[1.107 0.823 0.208]
[0.49  0.444 0.441]
[0.848 0.385 0.427]
[0.905 0.719 0.584]
[0.556 0.831 0.418]
[0.518 0.749 0.644]
[1.298 0.454 0.629]
[0.316 1.146 0.3  ]
[0.75  0.605 0.224]
[0.837 1.717 0.277]
[0.399 0.585 0.937]
[0.502 0.658 0.357]
[1.195 0.547 0.99 ]
[1.267 1.132 0.186]
[0.415 0.382 0.494]
[0.239 0.984 0.498]
[0.998 0.525 0.2  ]
[1.21  0.796 0.455]
[0.3   0.316 0.66 ]
[0.758 0.501 0.314]
[1.574 0.477 0.697]
[0.203 0.355 0.853]
[0.979 0.676 0.845]
[0.531 0.482 1.307]
[1.131 1.469 0.192]
[0.375 0.501 0.705]
[0.357 0.697 0.429]
[0.847 0.51  0.725]
[0.281 0.364 0.422]
[0.259 1.7   0.272]
[1.123 1.317 0.217]
[1.839 1.046 0.873]
[0.96  0.416 0.157]
[1.044 1.55  0.252]
[0.812 1.093 0.692]
[0.539 0.374 0.606]
[0.315 0.658 0.252]
[0.716 0.498 0.395]
[1.178 0.551 0.672]
[0.406 0.561 0.208]
[1.242 0.429 0.273]
[0.949 0.314 0.298]
[1.112 0.413 0.209]
[1.424 1.079 0.555]
[0.685 0.323 0.383]
[0.836 0.661 0.778]
[0.73  0.3   0.223]
[0.416 0.536 0.27 ]
[0.291 0.266 0.514]
[0.624 1.257 0.522]
[0.527 0.452 0.964]
[0.74  1.389 0.165]
[0.314 1.192 0.276]
[0.651 0.372 0.363]
[2.457 0.333 1.349]
[0.552 0.363 0.276]
[0.418 0.483 0.833]
[0.738 0.388 0.222]
[0.251 0.528 0.308]
[0.313 0.445 0.35 ]
[0.762 0.871 0.237]
[0.118 0.116 0.335]
[0.926 0.48  0.238]
[0.216 0.435 0.849]
[0.265 0.385 0.395]
[0.508 0.336 0.307]
[0.453 0.807 0.388]
[0.941 1.234 0.373]
[0.258 0.652 0.37 ]
[0.074 0.061 0.248]
[0.988 0.495 0.22 ]
[0.952 0.992 0.189]
[1.414 1.27  0.681]
[0.335 0.185 0.999]
[0.171 0.549 0.603]
[0.773 0.239 0.226]
[0.422 0.327 0.33 ]
[1.162 0.623 0.833]
[0.708 1.551 0.177]
[0.632 1.953 0.561]
[0.312 0.08  1.138]
[0.705 1.281 0.499]
[0.445 0.676 0.786]
[0.562 1.344 0.223]
[0.615 2.913 0.265]
[0.266 0.718 0.303]
[0.379 0.519 0.749]
[0.997 0.805 0.651]
[1.241 0.896 0.461]
[0.771 0.88  0.667]
[0.431 0.4   0.367]
[0.837 0.788 0.518]
[0.779 1.733 0.231]
[0.664 0.774 0.39 ]
[0.536 2.756 0.138]
[0.938 2.605 0.188]
[1.338 1.407 0.616]
[0.275 0.358 0.418]
[0.113 0.15  0.416]
[1.132 0.891 0.614]
[0.884 0.683 0.411]
[1.152 0.471 0.584]
[0.248 0.92  0.179]
[0.862 0.349 0.224]
[1.111 0.759 0.515]
[0.795 1.373 0.427]
[0.485 0.446 0.718]
[0.703 1.312 0.382]
[1.728 1.422 0.518]
[0.544 4.186 0.203]
[0.681 0.735 1.052]
[0.212 0.477 0.326]
[0.081 0.082 0.258]
[0.271 0.415 0.429]
