[1. 1. 1. 1. 1. 1.]
[0.995 1.088 1.008 1.006 0.968 1.008]
[0.975 1.02  1.053 0.989 0.952 1.04 ]
[0.939 0.882 1.079 0.897 0.827 0.921]
[0.953 1.046 1.082 1.06  0.825 1.046]
[0.95  1.044 0.999 1.009 1.046 1.098]
[0.987 0.971 0.863 1.076 0.984 0.981]
[0.971 0.929 1.092 0.954 0.919 0.856]
[0.93  1.046 1.047 0.847 1.062 0.858]
[0.927 0.929 0.999 0.963 1.008 1.017]
[1.058 1.    0.946 0.992 0.865 0.912]
[1.074 1.178 0.912 1.113 1.044 1.094]
[1.104 1.16  1.056 0.948 0.8   1.003]
[1.024 0.992 0.946 1.017 0.803 0.924]
[0.923 1.165 1.198 0.924 1.022 1.016]
[0.874 1.261 1.026 1.157 1.078 1.019]
[1.066 1.017 0.813 0.968 0.918 1.001]
[0.997 0.906 0.983 0.82  1.043 0.885]
[1.003 0.967 0.999 0.953 0.927 0.967]
[0.817 1.122 1.05  0.87  1.027 1.032]
[0.959 0.921 0.949 0.81  0.88  0.741]
[0.816 0.829 0.891 1.041 0.908 0.93 ]
[0.867 0.833 0.97  0.745 1.11  0.907]
[0.8   0.824 1.037 0.653 0.879 0.945]
[0.811 0.974 0.865 1.125 1.159 0.971]
[0.826 0.91  0.902 0.851 1.006 0.864]
[1.051 0.912 0.917 0.898 0.74  0.855]
[1.155 0.722 0.852 0.785 0.685 0.82 ]
[0.918 0.901 0.868 0.942 0.872 1.098]
[0.757 0.95  0.927 0.927 0.9   0.983]
[0.856 0.887 0.923 0.818 0.834 0.728]
[1.03  0.741 0.865 0.68  0.82  0.753]
[0.667 0.754 0.902 0.745 1.013 0.888]
[0.836 0.994 0.829 1.198 1.233 0.928]
[1.006 1.014 0.944 0.891 0.746 0.811]
[0.838 0.978 0.985 0.912 0.816 0.935]
[0.653 1.008 0.933 0.763 0.791 0.786]
[0.87  1.023 0.929 0.969 0.894 0.855]
[0.841 0.991 0.966 0.961 0.958 0.787]
[0.719 0.937 0.927 0.778 0.916 0.717]
[0.93  0.913 0.856 0.755 0.94  0.897]
[0.89  1.011 0.915 0.858 0.826 0.743]
[0.857 0.972 0.943 0.798 0.847 0.939]
[0.929 0.944 0.798 0.94  0.831 0.815]
[0.864 0.906 0.709 0.966 0.941 0.882]
[0.915 0.921 0.906 1.179 0.665 0.822]
[0.721 1.03  0.618 0.986 0.903 0.852]
[0.932 1.038 0.75  0.88  0.91  0.821]
[0.845 1.073 0.767 0.866 1.104 1.022]
[0.821 0.946 0.86  0.962 0.93  0.808]
[0.823 0.921 0.876 0.954 0.861 0.837]
[1.05  0.889 0.995 0.88  0.719 0.79 ]
[0.737 0.788 0.7   0.819 0.907 0.782]
[0.837 1.011 0.831 1.076 0.845 0.934]
[0.841 0.876 0.836 0.875 0.918 0.708]
[0.923 0.671 0.936 0.677 0.997 0.994]
[0.859 1.036 0.935 1.018 1.14  0.867]
[0.877 0.92  0.91  0.837 0.876 0.714]
[1.014 1.141 1.003 0.955 0.742 0.628]
[1.083 0.993 0.968 0.972 0.992 1.006]
[0.631 0.961 0.962 0.992 0.708 0.66 ]
[0.768 0.866 0.859 0.705 0.958 0.816]
[0.818 0.901 0.926 1.037 0.759 0.623]
[1.364 0.851 1.076 0.847 0.73  0.851]
[0.739 1.071 0.884 0.769 0.851 0.81 ]
[0.894 0.751 0.669 1.241 0.913 0.755]
[0.831 0.757 0.782 0.861 0.78  0.789]
[0.664 0.892 0.852 0.811 0.747 0.769]
[0.839 0.977 0.891 0.999 0.803 0.873]
[0.956 1.078 1.094 0.872 0.751 0.593]
[0.933 0.978 0.968 0.749 0.972 0.818]
[0.94  0.878 0.766 1.09  0.738 0.871]
[1.14  0.954 0.912 0.657 0.894 0.934]
[0.797 0.999 0.822 0.887 0.737 0.701]
[1.012 0.894 0.654 1.183 0.708 0.752]
[1.119 0.623 1.026 0.683 1.089 0.963]
[0.762 0.892 0.929 0.738 0.818 0.692]
[1.195 0.914 0.855 1.236 0.684 0.846]
[0.672 0.788 0.787 0.786 0.813 0.678]
[0.858 0.733 0.921 0.716 0.897 0.823]
[0.99  0.843 0.743 1.254 0.727 0.833]
[0.689 1.062 0.851 0.876 0.741 0.775]
[0.751 0.857 0.79  0.82  0.827 0.795]
[0.775 0.883 0.922 0.676 0.889 0.755]
[0.876 1.008 0.825 0.787 0.881 0.7  ]
[0.736 0.788 0.808 1.086 0.6   0.781]
[1.026 1.073 0.649 1.076 0.744 0.893]
[0.642 0.68  0.767 0.812 0.713 0.89 ]
[0.607 0.983 0.594 0.865 0.698 0.701]
[0.76  0.841 0.469 1.348 0.585 0.722]
[0.932 0.809 0.668 1.432 0.559 0.676]
[0.868 0.996 0.926 1.05  0.634 0.721]
[0.668 0.927 0.701 0.96  0.687 0.71 ]
[1.014 0.895 0.852 1.728 0.482 0.703]
[1.148 1.065 0.526 1.125 1.009 0.833]
[0.817 0.837 0.95  0.765 0.841 0.746]
[0.604 0.63  0.747 0.737 0.551 0.725]
[0.544 1.197 0.84  0.79  0.7   0.596]
[0.511 0.982 0.811 0.604 0.776 0.532]
[0.648 0.796 0.625 0.953 0.84  0.816]
[0.729 0.677 0.766 0.614 0.689 0.657]
[0.822 0.804 0.948 0.608 0.887 0.757]
[0.628 0.805 0.749 0.899 0.848 0.712]
[0.576 0.828 0.775 0.49  0.924 0.8  ]
[0.671 0.836 0.877 0.617 0.655 0.618]
[0.671 0.788 0.737 0.793 0.748 0.99 ]
[0.68  0.818 0.742 0.762 0.552 0.81 ]
[0.682 0.733 0.792 0.644 0.772 0.564]
[0.759 0.886 0.883 0.748 0.829 0.632]
[0.582 1.147 0.49  1.022 0.812 0.549]
[0.614 0.717 0.566 0.779 0.864 0.761]
[0.846 0.71  0.859 0.722 0.84  0.845]
[1.833 2.283 1.555 1.122 2.195 1.135]
[0.967 1.025 0.8   1.056 0.95  0.71 ]
[0.741 0.863 0.822 0.844 0.634 0.531]
[0.686 0.875 0.764 0.803 0.566 0.96 ]
[0.853 0.883 0.89  0.552 0.808 0.808]
[0.734 0.858 0.775 0.725 0.702 0.628]
[0.68  0.792 0.651 0.869 0.707 0.657]
[0.739 0.777 0.637 0.765 0.93  0.632]
[0.543 0.848 0.683 0.758 0.749 0.652]
[0.599 0.984 0.779 0.982 0.666 0.78 ]
[0.63  0.646 0.428 0.838 0.772 0.832]
[0.524 0.664 0.487 0.799 0.81  0.812]
[0.939 0.864 0.737 0.901 0.765 0.817]
[0.794 0.628 0.562 1.054 0.595 0.69 ]
[0.752 0.597 0.513 0.928 0.742 1.246]
[1.051 0.671 0.519 1.026 0.849 1.136]
[0.485 0.926 0.733 0.724 0.714 0.593]
[0.632 0.735 0.525 0.801 0.599 0.504]
[0.698 0.712 0.97  0.487 0.671 0.717]
[0.817 0.706 0.684 0.775 0.69  0.62 ]
[1.524 0.763 0.471 0.888 1.311 1.539]
[0.866 0.716 0.758 0.939 0.443 0.449]
[0.663 0.527 0.635 0.57  0.824 1.328]
[0.568 0.909 0.595 0.781 0.85  0.78 ]
[0.874 0.785 0.747 0.763 0.694 0.816]
[0.57  0.77  0.806 0.649 0.597 0.569]
[0.712 1.041 0.777 0.682 0.72  0.632]
[0.491 0.78  0.739 0.485 0.661 0.59 ]
[0.85  0.729 0.889 0.572 0.698 0.787]
[0.463 0.903 0.569 0.653 0.655 0.626]
[0.825 0.885 0.658 0.558 0.654 0.919]
[0.681 0.738 0.7   0.488 0.659 0.645]
[0.954 0.699 0.81  0.784 0.711 1.138]
[0.585 0.667 0.677 0.57  0.671 0.76 ]
[0.597 0.787 0.444 0.599 0.781 0.59 ]
[0.584 0.657 0.62  0.611 0.847 0.575]
[0.742 0.712 0.817 0.523 0.711 0.734]
[0.576 0.735 0.588 0.662 0.671 0.87 ]
[0.63  0.559 0.546 0.531 0.757 0.498]
[0.703 0.582 0.59  0.675 0.772 0.757]
[0.558 0.75  0.651 0.592 0.622 0.589]
[0.633 0.551 0.73  0.551 0.766 0.846]
[0.553 0.754 0.936 0.466 0.789 0.78 ]
[0.758 0.769 0.547 0.744 0.768 0.677]
[0.652 0.928 0.608 0.571 0.6   0.927]
[0.51  0.481 0.56  0.536 0.586 0.663]
[0.75  0.935 0.596 0.585 0.813 0.723]
[0.721 0.733 0.677 0.602 0.755 0.919]
[0.51  0.792 0.466 0.588 0.825 0.95 ]
[0.747 0.89  0.703 0.774 0.761 0.439]
[0.629 0.631 0.798 0.57  0.62  0.528]
[0.563 0.804 0.62  0.573 0.578 0.458]
[0.602 0.657 0.696 0.832 0.574 0.833]
[0.532 0.63  0.541 0.606 0.554 0.918]
[0.602 0.708 0.62  0.559 0.791 0.733]
[0.587 0.585 0.753 0.674 0.495 0.52 ]
[0.796 0.616 1.027 1.013 0.594 0.673]
[0.643 0.724 0.571 0.524 0.546 0.725]
[0.683 0.711 0.724 0.683 0.651 0.719]
[0.579 0.626 0.48  0.627 0.679 1.228]
[0.516 0.758 0.59  0.647 0.703 0.638]
[0.647 0.666 0.675 0.689 0.662 1.699]
[0.881 0.641 0.857 0.911 0.54  0.926]
[0.464 0.816 0.454 0.516 0.62  0.9  ]
[0.629 0.475 0.584 0.481 0.758 0.881]
[0.414 0.641 0.423 0.797 0.685 0.74 ]
[0.728 0.512 0.77  0.522 0.553 0.874]
[0.417 0.691 0.568 0.604 0.507 0.728]
[0.435 0.615 0.767 0.452 0.495 0.728]
[0.509 0.747 0.477 0.51  0.648 0.757]
[0.393 0.517 0.58  0.387 0.663 0.633]
[0.503 0.817 0.445 0.501 0.535 0.723]
[0.525 0.608 0.57  0.605 0.734 0.687]
[0.834 0.559 0.737 0.951 0.592 0.902]
[0.871 0.69  0.653 0.789 0.525 1.117]
[0.5   0.574 0.501 0.457 0.622 0.776]
[0.598 0.781 0.568 0.524 0.515 0.901]
[0.616 0.647 0.633 0.585 0.659 0.537]
[0.784 0.496 0.741 0.542 0.603 0.77 ]
[0.457 0.606 0.586 0.494 0.673 0.509]
[0.464 0.742 0.464 0.557 0.591 0.829]
[0.541 0.575 0.538 0.504 0.506 1.156]
[0.705 0.65  0.559 0.56  0.541 0.625]
[0.572 0.404 0.736 0.466 0.81  0.404]
[0.756 0.461 0.701 0.509 0.522 0.854]
[0.566 0.517 0.56  0.531 0.498 0.895]
[0.406 0.446 0.596 0.377 0.668 0.854]
[0.39  0.537 0.623 0.419 0.781 0.553]
[0.653 0.474 0.948 0.414 0.467 0.741]
[0.683 0.651 0.475 0.713 0.526 1.016]
[0.458 0.472 0.6   0.419 0.528 0.728]
[0.707 0.514 0.692 0.471 0.669 0.538]
[0.495 0.461 0.731 0.514 0.602 0.582]
[0.362 0.583 0.542 0.374 0.552 0.864]
[0.472 0.447 0.79  0.294 0.629 0.73 ]
[0.418 0.437 0.569 0.405 0.443 1.016]
[0.491 0.46  0.689 0.434 0.595 0.683]
[1.397 0.854 1.167 0.668 0.334 0.712]
[0.569 0.551 0.487 0.496 0.624 0.529]
[1.719 0.962 0.726 1.049 0.858 1.034]
[0.345 0.486 0.503 0.343 0.56  0.719]
[0.757 1.051 0.888 0.538 0.362 0.416]
[0.549 0.403 0.525 0.419 0.59  0.6  ]
[0.418 0.575 0.573 0.648 0.587 0.73 ]
[0.412 0.581 0.447 0.57  0.74  0.679]
[0.537 0.523 0.651 0.349 0.516 0.705]
[0.605 0.534 0.522 0.803 0.523 0.722]
[0.764 0.534 0.798 0.457 0.524 0.624]
[0.465 0.53  0.601 0.452 0.458 0.682]
[0.697 0.425 0.698 0.598 0.622 0.754]
[0.455 0.414 0.676 0.454 0.413 0.817]
[0.601 0.55  0.647 0.423 0.569 0.626]
[0.494 0.49  0.467 0.435 0.488 0.561]
[0.44  0.392 0.63  0.297 0.542 0.632]
[0.488 0.474 0.696 0.355 0.366 0.717]
[0.552 0.47  0.619 0.528 0.659 0.542]
[0.546 0.416 0.626 0.727 0.73  0.624]
[0.491 0.429 0.506 0.401 0.638 0.731]
[0.554 0.53  0.479 0.608 0.533 0.592]
[0.393 0.463 0.462 0.409 0.657 0.608]
[0.537 0.534 0.717 0.442 0.58  0.735]
[0.439 0.423 0.673 0.402 0.523 0.391]
[0.528 0.413 0.488 0.31  0.664 0.566]
[0.501 0.571 0.463 0.379 0.431 0.697]
[0.58  0.469 0.596 0.533 0.461 0.825]
[0.643 0.38  0.49  0.601 0.732 0.565]
[0.629 0.427 0.694 0.424 0.486 0.416]
[0.506 0.496 0.456 0.56  0.449 0.791]
[0.459 0.452 0.565 0.299 0.47  0.557]
[0.434 0.362 0.789 0.36  0.4   0.678]
[0.453 0.468 0.608 0.417 0.493 0.689]
[0.526 0.545 0.566 0.423 0.594 0.509]
[0.405 0.628 0.455 0.511 0.445 0.679]
[0.531 0.401 0.723 0.4   0.551 0.566]
[0.528 0.45  0.726 0.394 0.564 0.604]
[0.521 0.486 0.631 0.487 0.574 1.092]
[0.492 0.533 0.52  0.326 0.676 0.59 ]
[0.528 0.49  0.451 0.476 0.564 0.577]
[1.145 0.665 0.757 0.57  0.569 0.692]
[0.835 0.445 1.209 0.313 0.487 1.522]
[0.338 0.435 0.515 0.366 0.333 0.641]
[0.364 0.498 0.401 0.474 0.745 0.462]
[0.379 0.419 0.483 0.445 0.405 0.921]
[0.466 0.366 0.658 0.303 0.521 0.633]
[0.301 0.306 0.42  0.364 0.355 0.848]
[0.491 0.512 0.557 0.532 0.507 0.537]
[0.441 0.449 0.579 0.471 0.428 0.786]
[0.293 0.388 0.446 0.435 0.382 0.606]
[0.323 0.344 0.525 0.274 0.292 0.545]
[0.396 0.409 0.391 0.529 0.524 0.667]
[0.464 0.456 0.376 0.706 0.499 0.675]
[0.583 0.628 0.58  0.464 0.516 0.631]
[0.394 0.387 0.43  0.48  0.474 0.949]
[0.547 0.482 0.81  0.343 0.486 0.787]
[0.293 0.28  0.549 0.277 0.338 0.956]
[0.464 0.438 0.606 0.285 0.403 0.659]
[0.463 0.388 0.573 0.395 0.47  0.631]
[0.5   0.447 0.644 0.418 0.543 0.557]
[0.462 0.384 0.525 0.439 0.495 0.859]
[0.743 0.455 0.654 0.567 0.649 0.425]
[0.613 0.518 0.735 0.455 0.594 0.409]
[0.452 0.378 0.54  0.467 0.364 1.058]
[0.313 0.422 0.382 0.443 0.378 0.756]
[0.342 0.49  0.529 0.347 0.343 0.752]
[0.299 0.4   0.41  0.378 0.336 0.896]
[0.59  0.37  0.566 0.458 0.583 0.587]
[0.42  0.362 0.777 0.166 0.416 1.536]
[0.467 0.495 0.531 0.426 0.543 0.847]
[0.529 0.489 0.451 0.536 0.605 0.575]
[0.623 0.348 0.701 0.387 0.379 1.306]
[0.371 0.341 0.601 0.365 0.39  0.893]
[0.554 0.349 0.607 0.511 0.582 0.92 ]
[0.523 0.501 0.513 0.621 0.368 0.957]
[0.441 1.438 0.193 1.365 0.909 0.925]
[0.427 0.326 0.508 0.347 0.513 0.481]
[0.648 0.4   0.621 0.408 0.733 0.632]
[0.35  0.366 0.432 0.406 0.434 0.591]
[0.538 0.381 0.537 0.425 0.565 0.794]
[0.33  0.363 0.496 0.341 0.405 1.038]
[0.684 0.456 0.523 0.553 0.707 0.747]
[0.473 0.392 0.803 0.281 0.384 0.523]
[0.408 0.737 0.355 0.803 0.434 0.826]
[0.625 0.517 0.646 0.514 0.661 0.435]
[0.454 0.431 0.581 0.308 0.508 0.702]
[0.393 0.379 0.356 0.487 0.407 0.954]
[0.289 0.503 0.274 0.426 0.464 0.416]
[0.493 0.332 0.753 0.428 0.4   0.979]
[0.347 0.445 0.682 0.391 0.578 0.623]
[0.568 0.342 0.765 0.419 0.503 1.098]
[0.3   0.479 0.393 0.458 0.37  0.562]
[0.424 0.432 0.558 0.377 0.306 1.186]
[0.533 0.491 0.347 0.387 0.655 0.583]
[0.587 0.514 0.799 0.437 0.535 0.649]
[0.369 0.468 0.612 0.286 0.443 0.694]
[0.411 0.377 0.575 0.43  0.434 0.434]
[0.374 0.366 0.396 0.296 0.682 0.811]
[0.38  0.323 0.558 0.295 0.372 0.979]
[0.539 0.284 0.553 0.298 0.591 0.751]
[0.652 0.517 0.686 0.519 0.553 0.506]
[0.631 0.508 0.724 0.527 0.51  0.651]
[0.307 0.355 0.353 0.317 0.433 0.872]
[0.496 0.378 0.499 0.354 0.543 0.734]
[0.593 0.424 0.451 0.492 0.463 0.836]
[0.528 0.506 0.747 0.543 0.501 0.39 ]
[0.384 0.28  0.532 0.33  0.578 0.765]
[0.284 0.413 0.323 0.39  0.437 0.666]
[0.401 0.428 0.517 0.468 0.385 1.014]
[0.504 0.509 0.558 0.599 0.54  0.385]
[0.375 0.48  0.421 0.458 0.397 0.561]
[0.357 0.384 0.722 0.385 0.377 0.623]
[0.408 0.441 0.536 0.36  0.475 1.021]
[0.364 0.386 0.379 0.422 0.414 0.425]
[0.479 0.399 0.507 0.611 0.568 0.484]
[0.366 0.351 0.474 0.367 0.393 0.719]
[0.686 0.483 0.718 0.466 0.552 0.655]
[0.533 0.506 0.35  0.449 0.713 0.444]
[0.584 0.457 0.46  0.448 0.585 1.002]
[0.547 0.316 0.584 0.403 0.626 0.405]
[0.317 0.388 0.404 0.38  0.443 0.773]
[0.291 0.319 0.634 0.282 0.29  0.89 ]
[0.311 0.4   0.548 0.291 0.362 0.732]
[0.386 0.284 0.696 0.247 0.396 0.989]
[0.947 0.283 0.666 0.431 0.266 0.172]
[0.501 0.379 0.334 0.481 0.265 0.335]
[0.489 0.402 0.556 0.506 0.444 0.614]
[0.264 0.481 0.267 0.44  0.392 0.614]
[0.411 0.403 0.71  0.317 0.458 0.694]
[0.319 0.446 0.587 0.296 0.401 0.827]
[0.446 0.489 0.505 0.514 0.403 0.413]
[0.251 0.434 0.278 0.302 0.438 0.767]
[0.331 0.469 0.498 0.337 0.503 0.653]
[0.389 0.361 0.8   0.343 0.445 0.586]
[0.33  0.379 0.472 0.299 0.366 0.543]
[0.401 0.546 0.657 0.346 0.463 0.683]
[0.289 0.532 0.551 0.345 0.417 0.489]
[0.466 0.427 0.497 0.417 0.621 0.395]
[0.334 0.284 0.414 0.265 0.485 0.694]
[0.259 0.533 0.399 0.332 0.39  0.601]
[0.561 0.481 0.412 0.459 0.571 0.562]
[0.364 0.403 0.521 0.343 0.518 0.668]
[0.384 0.348 0.588 0.33  0.392 0.346]
[0.438 0.519 0.498 0.474 0.467 0.337]
[0.471 0.447 0.412 0.452 0.484 0.591]
[0.257 0.331 0.381 0.206 0.499 0.704]
[0.473 0.571 0.748 0.372 0.42  0.667]
[0.407 0.353 0.487 0.538 0.529 0.615]
[0.481 0.409 0.946 0.303 0.349 0.691]
[0.282 0.37  0.446 0.336 0.354 0.628]
[0.292 0.336 0.594 0.333 0.308 0.489]
[0.381 0.377 0.739 0.447 0.401 0.394]
[0.544 0.37  0.598 0.37  0.649 1.064]
[0.393 0.37  0.593 0.428 0.412 0.443]
[0.501 0.354 0.583 0.408 0.473 0.71 ]
[0.341 0.283 0.724 0.252 0.408 0.676]
[0.368 0.465 0.34  0.448 0.364 0.616]
[0.416 0.48  0.381 0.314 0.639 0.615]
[0.381 0.441 0.441 0.348 0.437 0.563]
[0.295 0.284 0.577 0.318 0.386 0.498]
[0.572 0.564 0.567 0.502 0.56  0.484]
[0.286 0.413 0.302 0.32  0.571 0.501]
[0.512 0.447 0.465 0.412 0.703 0.393]
[0.354 0.397 0.441 0.311 0.526 0.556]
[0.318 0.363 0.501 0.25  0.383 0.76 ]
[0.846 0.358 0.548 0.493 0.245 0.23 ]
[0.943 0.318 0.709 0.515 0.151 0.706]
[0.66  0.305 1.074 0.611 0.228 0.27 ]
[0.605 0.498 0.35  0.725 0.304 0.217]
[0.78  1.005 0.258 1.092 0.479 0.17 ]
[0.43  0.381 0.588 0.316 0.362 0.693]
[0.511 0.477 0.628 0.469 0.598 0.411]
[0.453 0.479 0.447 0.448 0.349 0.553]
[0.412 0.574 0.539 0.368 0.451 0.657]
[0.349 0.478 0.646 0.31  0.506 0.582]
[0.481 0.439 0.796 0.454 0.453 0.518]
[0.338 0.539 0.253 0.456 0.352 0.857]
[0.307 0.34  0.556 0.206 0.341 0.637]
[0.375 0.279 0.431 0.422 0.552 0.675]
[0.358 0.388 0.391 0.447 0.378 0.671]
[0.264 0.356 0.397 0.332 0.383 0.757]
[0.358 0.375 0.352 0.307 0.386 1.055]
[0.208 0.206 0.417 0.254 0.347 0.79 ]
[0.47  0.329 0.607 0.592 0.408 0.654]
[0.31  0.228 0.469 0.348 0.415 0.497]
[0.383 0.272 0.529 0.366 0.4   0.777]
[0.515 0.44  0.307 0.457 0.426 0.714]
[0.457 0.47  0.493 0.512 0.363 0.552]
[0.384 0.347 0.479 0.411 0.468 0.856]
[0.513 0.484 0.594 0.417 0.453 0.636]
[0.301 0.348 0.545 0.405 0.287 0.563]
[0.5   0.341 0.513 0.501 0.318 0.764]
[0.352 0.362 0.38  0.34  0.597 0.438]
[0.373 0.233 0.716 0.262 0.287 1.344]
[0.531 0.439 0.472 0.462 0.339 0.715]
[0.302 0.26  0.696 0.284 0.354 0.854]
[0.434 0.427 0.471 0.299 0.42  0.678]
[0.266 0.292 0.578 0.256 0.425 0.454]
[0.281 0.247 0.382 0.283 0.344 1.035]
[0.375 0.448 0.384 0.308 0.441 0.802]
[0.287 0.299 0.326 0.301 0.297 0.821]
[0.279 0.286 0.438 0.251 0.326 0.774]
[0.435 0.409 0.472 0.437 0.409 0.415]
[0.531 0.322 0.583 0.416 0.644 0.881]
[0.285 0.321 0.512 0.216 0.363 0.707]
[0.324 0.379 0.541 0.36  0.443 0.435]
[0.415 0.386 0.478 0.334 0.423 0.73 ]
[0.905 0.682 0.453 0.567 0.326 0.176]
[0.313 0.24  0.747 0.319 0.512 0.426]
[0.337 0.334 0.654 0.326 0.447 0.84 ]
[0.572 0.294 0.826 0.444 0.31  0.539]
[0.44  0.426 0.677 0.381 0.48  0.7  ]
[0.446 0.475 0.466 0.343 0.427 0.47 ]
[0.336 0.483 0.326 0.364 0.601 0.923]
[0.281 0.269 0.374 0.274 0.355 0.537]
[0.373 0.52  0.409 0.455 0.474 0.38 ]
[0.264 0.263 0.416 0.314 0.437 0.366]
[0.355 0.3   0.349 0.25  0.295 0.939]
[0.288 0.244 0.518 0.322 0.348 0.431]
[0.194 0.27  0.422 0.214 0.363 0.831]
[0.213 0.351 0.329 0.19  0.353 0.505]
[0.285 0.236 0.345 0.281 0.453 0.585]
[0.42  0.307 0.642 0.462 0.381 0.343]
[0.239 0.395 0.339 0.262 0.302 0.876]
[0.477 0.308 0.554 0.352 0.283 0.596]
[0.274 0.436 0.303 0.243 0.466 0.446]
[0.297 0.409 0.553 0.413 0.625 0.42 ]
[0.404 0.344 0.644 0.406 0.442 0.415]
[0.375 0.636 0.309 0.302 0.414 0.441]
[0.228 0.324 0.298 0.209 0.43  0.538]
[0.397 0.371 0.524 0.409 0.336 0.555]
[0.252 0.386 0.512 0.234 0.503 0.533]
[0.449 0.494 0.559 0.5   0.557 0.626]
[0.322 0.354 0.599 0.284 0.489 0.779]
[0.302 0.282 0.384 0.325 0.374 0.448]
[0.363 0.363 0.503 0.448 0.439 0.397]
[0.42  0.419 0.491 0.443 0.361 0.408]
[0.381 0.273 0.642 0.268 0.305 0.804]
[0.398 0.277 0.462 0.328 0.474 0.722]
[0.311 0.308 0.426 0.288 0.374 0.473]
[0.321 0.371 0.597 0.406 0.371 0.482]
[0.282 0.464 0.424 0.218 0.33  0.801]
[0.335 0.397 0.576 0.239 0.204 0.453]
[0.377 0.477 0.55  0.279 0.376 0.585]
[0.271 0.475 0.768 0.254 0.3   0.654]
[0.421 0.466 0.48  0.366 0.649 0.61 ]
[0.285 0.219 0.568 0.242 0.324 0.708]
[0.305 0.414 0.301 0.313 0.351 0.687]
[0.309 0.238 0.533 0.325 0.318 0.41 ]
[0.589 0.724 0.341 0.554 0.39  0.298]
[0.432 0.277 0.585 0.536 0.626 0.567]
[0.293 0.371 0.433 0.374 0.264 0.461]
[0.241 0.322 0.315 0.299 0.422 0.496]
[0.355 0.26  0.302 0.263 0.57  0.847]
[0.298 0.558 0.614 0.236 0.307 0.638]
[0.302 0.4   0.441 0.272 0.427 0.53 ]
[0.441 0.259 0.454 0.6   0.373 0.609]
[0.321 0.227 0.427 0.25  0.45  0.499]
[0.266 0.281 0.485 0.139 0.219 0.732]
[0.427 0.48  0.475 0.402 0.321 0.9  ]
[0.384 0.518 0.445 0.44  0.557 0.78 ]
[0.347 0.528 0.516 0.433 0.525 0.783]
[0.335 0.514 0.498 0.391 0.577 0.524]
[0.372 0.175 0.676 0.215 0.316 0.754]
[0.293 0.374 0.451 0.296 0.247 0.331]
[0.475 0.371 0.537 0.39  0.419 0.357]
[0.351 0.291 0.462 0.225 0.381 0.603]
[0.407 0.263 0.379 0.287 0.246 0.697]
[0.384 0.243 0.358 0.311 0.295 0.446]
[0.456 0.237 0.523 0.317 0.647 0.772]
[0.404 0.681 0.438 0.632 0.502 0.403]
[0.296 0.375 0.711 0.369 0.444 0.656]
[0.422 0.334 0.375 0.455 0.459 0.556]
[0.213 0.376 0.635 0.222 0.222 0.388]
[0.255 0.191 0.447 0.215 0.315 0.647]
[0.316 0.35  0.537 0.38  0.362 0.507]
[0.256 0.31  0.407 0.211 0.313 0.562]
[0.374 0.429 0.437 0.395 0.4   0.476]
[0.35  0.232 0.447 0.36  0.384 0.331]
[0.386 0.498 0.509 0.402 0.453 0.744]
[0.359 0.324 0.415 0.327 0.332 0.379]
[0.333 0.376 0.437 0.354 0.55  0.907]
[0.302 0.405 0.386 0.239 0.403 0.714]
[0.32  0.304 0.374 0.291 0.596 0.945]
[0.257 0.297 0.388 0.221 0.401 0.826]
[0.274 0.183 0.409 0.19  0.371 0.543]
[0.397 0.224 0.477 0.329 0.633 0.442]
[0.383 0.315 0.517 0.411 0.521 0.503]
[0.238 0.58  0.555 0.298 0.375 0.581]
[0.29  0.364 0.425 0.249 0.276 0.385]
[0.952 0.469 0.775 0.346 0.246 0.169]
[1.158 0.456 0.548 0.574 0.333 0.305]
[0.315 0.426 0.374 0.325 0.307 0.367]
[0.301 0.258 0.485 0.245 0.266 0.413]
[0.274 0.458 0.264 0.225 0.291 0.376]
[0.332 0.354 0.552 0.299 0.348 0.38 ]
[0.249 0.352 0.415 0.169 0.234 0.776]
[0.284 0.333 0.333 0.203 0.19  0.957]
[0.23  0.524 0.517 0.237 0.427 0.531]
[0.269 0.382 0.421 0.282 0.424 0.495]
[0.259 0.393 0.516 0.234 0.442 0.279]
[0.417 0.337 0.397 0.421 0.366 0.556]
[0.363 0.395 0.499 0.409 0.325 0.411]
[0.25  0.342 0.514 0.209 0.203 0.307]
[0.228 0.317 0.321 0.24  0.45  0.423]
[0.306 0.421 0.498 0.318 0.337 0.386]
[0.323 0.306 0.312 0.295 0.467 0.462]
[0.338 0.389 0.53  0.311 0.272 0.399]
[0.294 0.26  0.584 0.333 0.25  0.533]
[0.261 0.554 0.62  0.257 0.321 0.667]
[0.274 0.257 0.608 0.224 0.172 0.475]
[0.313 0.357 0.384 0.274 0.325 0.339]
[0.258 0.229 0.465 0.23  0.453 0.487]
[0.366 0.262 0.326 0.355 0.436 0.602]
[0.27  0.193 0.455 0.19  0.256 0.793]
[0.382 0.467 0.671 0.327 0.411 0.64 ]
[0.4   0.445 0.45  0.334 0.395 0.918]
[0.176 0.326 0.347 0.174 0.373 0.627]
[0.243 0.318 0.469 0.191 0.282 0.758]
[0.239 0.297 0.4   0.189 0.155 1.003]
[0.21  0.354 0.507 0.198 0.243 0.781]
[0.258 0.406 0.357 0.237 0.4   0.9  ]
[0.307 0.455 0.489 0.315 0.36  0.614]
[0.258 0.303 0.907 0.164 0.239 0.566]
[0.347 0.262 0.373 0.248 0.255 0.624]
[0.264 0.246 0.442 0.197 0.242 0.369]
[0.301 0.269 0.362 0.2   0.468 1.034]
[0.367 0.312 0.429 0.336 0.415 0.462]
[0.309 0.254 0.734 0.214 0.183 0.757]
[0.311 0.337 0.476 0.303 0.358 0.408]
[0.453 0.326 0.551 0.362 0.412 0.437]
[0.241 0.321 0.479 0.209 0.225 0.912]
[0.593 0.274 0.34  0.288 0.3   0.255]
[0.136 0.213 0.202 0.098 0.357 1.106]
[0.283 0.245 0.25  0.167 0.362 0.921]
[0.213 0.565 0.651 0.232 0.29  0.558]
[0.316 0.246 0.418 0.282 0.233 0.606]
[0.497 0.23  0.658 0.373 0.2   0.559]
[0.399 0.27  0.324 0.251 0.376 1.082]
[0.276 0.277 0.309 0.243 0.436 0.377]
[0.18  0.302 0.301 0.137 0.301 0.766]
[0.416 0.35  0.41  0.371 0.406 0.414]
[0.329 0.334 0.421 0.313 0.561 0.395]
[0.358 0.362 0.625 0.322 0.342 0.406]
[0.224 0.275 0.272 0.275 0.569 0.55 ]
[0.293 0.35  0.296 0.253 0.319 0.512]
[0.372 0.344 0.38  0.363 0.373 0.38 ]
[0.497 0.225 0.633 0.394 0.212 0.609]
[0.317 0.284 0.331 0.202 0.346 0.895]
[0.145 0.463 0.376 0.185 0.249 0.707]
[0.281 0.388 0.541 0.232 0.243 0.779]
[0.177 0.318 0.383 0.201 0.387 0.532]
[0.406 0.333 0.611 0.33  0.322 0.256]
[0.263 0.348 0.492 0.26  0.254 0.45 ]
[0.274 0.387 0.259 0.263 0.378 0.454]
[0.254 0.223 0.23  0.185 0.273 1.195]
[0.149 0.379 0.778 0.175 0.249 0.363]
[0.326 0.246 0.616 0.188 0.195 0.734]
[0.271 0.385 0.537 0.259 0.299 0.403]
[0.458 0.338 0.373 0.413 0.376 0.401]
[0.435 0.394 0.409 0.263 0.492 0.451]
[0.341 0.262 0.467 0.238 0.399 0.71 ]
[0.192 0.33  0.497 0.179 0.205 0.746]
[0.344 0.253 0.45  0.327 0.242 0.442]
[0.297 0.298 0.681 0.168 0.272 0.624]
[0.382 0.27  0.325 0.344 0.281 0.587]
[0.234 0.291 0.214 0.312 0.551 0.49 ]
[0.557 0.276 0.284 0.389 0.361 0.453]
[0.219 0.389 0.485 0.205 0.328 0.529]
[0.252 0.299 0.443 0.318 0.383 0.376]
[0.382 0.332 0.662 0.271 0.427 0.418]
[0.328 0.332 0.419 0.281 0.396 0.572]
[0.41  0.183 0.755 0.217 0.172 0.719]
[0.33  0.427 0.61  0.325 0.397 0.285]
[0.355 2.388 1.323 0.349 0.379 0.074]
[0.181 0.404 0.267 0.289 0.38  0.681]
[0.229 0.344 0.528 0.193 0.332 0.546]
[0.306 0.215 0.47  0.305 0.309 0.476]
[0.154 0.255 0.429 0.138 0.196 0.786]
[0.311 0.226 0.427 0.248 0.368 0.459]
[0.229 0.53  0.561 0.215 0.412 0.505]
[0.38  0.279 0.427 0.351 0.22  0.406]
[0.239 0.313 0.448 0.258 0.248 0.355]
[0.424 0.396 0.676 0.314 0.43  0.437]
[0.198 0.247 0.369 0.146 0.238 0.581]
[0.259 0.295 0.435 0.195 0.372 0.769]
[0.276 0.301 0.356 0.242 0.273 0.626]
[0.349 0.54  0.649 0.343 0.303 0.418]
[0.249 0.211 0.441 0.222 0.408 0.381]
[0.225 0.351 0.436 0.267 0.242 0.461]
[0.279 0.357 0.589 0.35  0.448 0.388]
[0.218 0.226 0.523 0.132 0.18  0.858]
[0.207 0.255 0.205 0.283 0.451 0.491]
[0.214 0.322 0.641 0.201 0.21  0.734]
[0.248 0.201 0.392 0.246 0.236 0.531]
[0.263 0.171 0.239 0.282 0.466 0.426]
[0.324 0.232 0.336 0.279 0.434 0.982]
[0.248 0.28  0.479 0.199 0.363 0.466]
[0.232 0.281 0.545 0.224 0.357 0.518]
[0.279 0.334 0.356 0.302 0.323 0.608]
[0.313 0.415 0.55  0.225 0.352 0.487]
[0.29  0.302 0.511 0.275 0.282 0.317]
[0.267 0.251 0.522 0.248 0.246 0.491]
[0.219 0.357 0.614 0.143 0.284 0.626]
[0.361 0.248 0.25  0.272 0.392 0.704]
[0.212 0.279 0.647 0.134 0.193 0.977]
[0.204 0.317 0.552 0.158 0.278 0.712]
[0.211 0.441 0.824 0.214 0.34  0.468]
[0.296 0.25  0.252 0.296 0.271 0.494]
[0.285 0.181 0.241 0.3   0.376 0.473]
[0.207 0.208 0.241 0.229 0.447 0.439]
[0.192 0.37  0.484 0.177 0.357 0.706]
[0.222 0.252 0.264 0.306 0.438 0.415]
[0.401 0.3   0.344 0.4   0.284 0.377]
[0.192 0.205 0.333 0.2   0.425 0.601]
[0.872 0.695 1.188 0.439 0.199 0.162]
[0.773 0.368 2.072 0.208 0.068 0.195]
[0.363 0.203 0.315 0.331 0.238 0.473]
[0.303 0.233 0.273 0.186 0.391 0.817]
[0.254 0.184 0.518 0.181 0.178 0.843]
[0.357 0.274 0.407 0.323 0.508 0.268]
[0.403 0.283 0.443 0.306 0.328 0.36 ]
[0.266 0.227 0.323 0.27  0.307 0.402]
[0.231 0.278 0.575 0.166 0.217 0.538]
[0.27  0.221 0.46  0.264 0.244 0.419]
[0.432 0.226 0.244 0.34  0.353 0.421]
[0.35  0.273 0.284 0.191 0.414 0.711]
[0.293 0.334 0.507 0.179 0.373 0.524]
[0.197 0.295 0.709 0.136 0.372 0.481]
[0.158 0.254 0.406 0.099 0.249 0.829]
[0.233 0.164 0.278 0.271 0.299 0.456]
[0.259 0.225 0.332 0.26  0.299 0.322]
[0.354 0.342 0.25  0.331 0.698 0.369]
[0.178 0.247 0.477 0.134 0.188 1.066]
[0.228 0.226 0.308 0.197 0.341 0.691]
[0.448 0.232 0.469 0.337 0.282 0.425]
[0.245 0.22  0.577 0.188 0.194 0.563]
[0.409 0.305 0.397 0.321 0.261 0.464]
[0.257 0.245 0.46  0.216 0.363 0.419]
[0.219 0.318 0.797 0.135 0.268 0.579]
[0.288 0.216 0.589 0.32  0.502 0.255]
[0.254 0.233 0.431 0.222 0.316 0.46 ]
[0.267 0.263 0.527 0.173 0.371 0.658]
[0.235 0.252 0.494 0.247 0.398 0.26 ]
[0.404 0.341 0.502 0.265 0.443 0.401]
[0.317 0.258 0.874 0.187 0.242 0.601]
[0.474 0.215 0.331 0.321 0.279 0.453]
[0.401 0.363 0.57  0.294 0.406 0.374]
[0.238 0.189 0.385 0.272 0.438 0.286]
[0.298 0.268 0.386 0.254 0.291 0.503]
[0.305 0.207 0.25  0.277 0.302 0.437]
[0.38  0.307 0.313 0.385 0.38  0.348]
[0.281 0.296 0.441 0.31  0.332 0.45 ]
[0.213 0.244 0.756 0.107 0.225 0.564]
[0.239 0.163 0.518 0.155 0.302 0.452]
[0.208 0.182 0.23  0.132 0.232 0.662]
[0.237 0.266 0.855 0.144 0.312 0.452]
[0.81  0.286 0.511 0.232 0.111 0.196]
[0.22  0.264 0.497 0.206 0.335 0.337]
[0.282 0.196 0.432 0.18  0.357 0.541]
[0.222 0.256 0.542 0.149 0.232 1.026]
[0.304 0.278 0.416 0.256 0.338 0.508]
[0.29  0.234 0.428 0.338 0.368 0.33 ]
[0.34  0.239 0.398 0.324 0.349 0.301]
[0.25  0.221 0.619 0.181 0.524 0.425]
[0.234 0.232 0.532 0.171 0.276 0.5  ]
[0.285 0.192 0.409 0.396 0.357 0.382]
[0.209 0.277 0.406 0.303 0.245 0.51 ]
[0.378 0.297 0.247 0.225 0.546 0.477]
[0.272 0.236 0.421 0.171 0.265 0.556]
[0.216 0.266 0.485 0.164 0.27  0.39 ]
[0.298 0.25  0.463 0.226 0.42  0.426]
[0.401 0.301 0.407 0.477 0.262 0.412]
[0.265 0.225 0.297 0.201 0.449 0.55 ]
[0.322 0.327 0.545 0.332 0.403 0.278]
[0.377 0.249 0.335 0.384 0.233 0.372]
[0.251 0.268 0.397 0.356 0.219 0.311]
[0.217 0.273 0.829 0.19  0.28  0.433]
[0.328 0.198 0.509 0.3   0.367 0.351]
[0.193 0.25  0.478 0.205 0.367 0.36 ]
[0.199 0.168 0.294 0.182 0.208 0.752]
[0.259 0.24  0.43  0.17  0.307 0.597]
[0.173 0.243 0.488 0.178 0.28  0.536]
[0.181 0.234 0.378 0.182 0.342 0.547]
[0.217 0.204 0.556 0.135 0.217 0.476]
[0.239 0.348 0.761 0.305 0.215 0.365]
[0.459 0.346 0.558 0.352 0.307 0.437]
[0.252 0.198 0.253 0.227 0.428 0.429]
[0.359 0.201 0.238 0.363 0.311 0.457]
[0.328 0.24  0.306 0.153 0.304 0.676]
[0.208 0.27  0.388 0.179 0.311 0.513]
[0.193 0.173 0.494 0.16  0.216 0.602]
[0.287 0.27  0.422 0.158 0.428 0.69 ]
[0.211 0.252 0.201 0.211 0.537 0.395]
[0.402 0.23  0.301 0.217 0.525 0.763]
[0.274 0.345 0.523 0.189 0.226 0.584]
[0.25  0.234 0.338 0.258 0.253 0.563]
[0.125 0.283 0.434 0.19  0.295 0.343]
[0.208 0.226 0.432 0.214 0.211 0.552]
[0.864 0.273 0.708 0.131 0.083 0.196]
[0.295 0.228 0.375 0.431 0.488 0.239]
[0.385 0.217 0.408 0.366 0.156 0.459]
[0.184 0.269 0.464 0.175 0.341 0.475]
[0.231 0.223 0.495 0.242 0.317 0.318]
[0.297 0.193 0.336 0.324 0.43  0.401]
[0.373 0.221 0.524 0.264 0.336 0.415]
[0.199 0.219 0.472 0.256 0.323 0.286]
[0.248 0.22  0.411 0.203 0.319 0.495]
[0.334 0.292 0.381 0.49  0.436 0.423]
[0.191 0.308 0.47  0.154 0.245 0.331]
[0.241 0.269 0.372 0.236 0.574 0.351]
[0.255 0.283 0.617 0.364 0.308 0.409]
[0.291 0.233 0.531 0.298 0.283 0.335]
[0.213 0.204 0.422 0.315 0.307 0.275]
[0.266 0.183 0.465 0.36  0.237 0.461]
[0.287 0.284 0.502 0.372 0.279 0.509]
[0.146 0.233 0.807 0.197 0.282 0.371]
[0.337 0.235 0.34  0.365 0.186 0.597]
[0.188 0.202 0.315 0.241 0.484 0.291]
[0.285 0.23  0.379 0.279 0.227 0.409]
[0.371 0.344 0.533 0.366 0.251 0.491]
[0.263 0.191 0.435 0.312 0.294 0.367]
[0.191 0.229 0.473 0.194 0.198 0.537]
[0.284 0.127 0.277 0.375 0.286 0.273]
[0.279 0.253 0.544 0.43  0.258 0.398]
[0.207 0.199 0.354 0.264 0.288 0.355]
[0.23  0.291 0.467 0.215 0.181 0.534]
[0.283 0.211 0.413 0.25  0.204 0.379]
[0.198 0.306 0.597 0.118 0.193 0.534]
[0.213 0.309 0.455 0.159 0.263 0.657]
[0.281 0.3   0.609 0.263 0.264 0.49 ]
[0.192 0.332 0.665 0.139 0.112 0.425]
[0.286 0.21  0.365 0.245 0.243 0.389]
[0.169 0.303 0.612 0.205 0.168 0.379]
[0.215 0.159 0.416 0.168 0.166 0.615]
[0.254 0.287 0.376 0.237 0.271 0.556]
[0.304 0.196 0.218 0.283 0.451 0.496]
[0.272 0.224 0.54  0.241 0.298 0.306]
[0.319 0.186 0.359 0.269 0.215 0.332]
[0.313 0.324 0.595 0.341 0.193 0.444]
[0.854 0.812 1.01  0.582 0.24  0.109]
[0.674 0.693 0.521 0.852 0.317 0.313]
[0.547 1.364 0.441 0.732 0.421 0.68 ]
[0.322 0.146 0.389 0.434 0.301 0.354]
[0.387 0.238 0.306 0.256 0.431 0.344]
[0.257 0.155 0.471 0.179 0.148 0.471]
[0.275 0.223 0.408 0.423 0.487 0.26 ]
[0.292 0.196 0.558 0.371 0.182 0.424]
[0.252 0.311 0.395 0.229 0.287 0.556]
[0.322 0.316 0.277 0.203 0.226 0.561]
[0.242 0.325 0.376 0.156 0.161 0.706]
[0.211 0.224 0.536 0.202 0.263 0.442]
[0.23  0.239 0.468 0.239 0.52  0.326]
[0.318 0.273 0.32  0.263 0.304 0.333]
[0.283 0.256 0.487 0.311 0.167 0.522]
[0.146 0.262 0.804 0.206 0.157 0.451]
[0.231 0.193 0.282 0.258 0.405 0.327]
[0.429 0.194 0.291 0.164 0.297 0.593]
[0.195 0.197 0.43  0.191 0.2   0.464]
[0.277 0.142 0.325 0.218 0.314 0.537]
[0.24  0.153 0.401 0.151 0.105 0.422]
[0.177 0.327 0.528 0.11  0.183 0.284]
[0.325 0.232 0.526 0.237 0.212 0.518]
[0.207 0.298 0.375 0.158 0.217 0.495]
[0.28  0.198 0.295 0.173 0.287 0.434]
[0.319 0.258 0.43  0.319 0.273 0.338]
[0.263 0.248 0.515 0.267 0.161 0.296]
[0.266 0.264 0.398 0.201 0.32  0.393]
[0.252 0.204 0.487 0.245 0.257 0.531]
[0.213 0.251 0.386 0.189 0.226 0.364]
[0.34  0.195 0.251 0.195 0.27  0.377]
[0.26  0.22  0.458 0.209 0.122 0.435]
[0.269 0.317 0.43  0.176 0.299 0.56 ]
[0.221 0.208 0.441 0.149 0.126 0.457]
[0.215 0.233 0.431 0.271 0.301 0.602]
[0.214 0.219 0.417 0.21  0.388 0.231]
[0.297 0.324 0.384 0.283 0.364 0.487]
[0.395 0.294 0.43  0.378 0.29  0.311]
[0.235 0.236 0.387 0.182 0.252 0.39 ]
[0.304 0.174 0.367 0.307 0.367 0.328]
[0.348 0.175 0.324 0.352 0.32  0.378]
[0.294 0.24  0.256 0.265 0.336 0.396]
[1.357 1.225 0.835 0.641 0.237 0.214]
[0.617 1.089 0.587 0.648 0.439 0.293]
[0.2   0.311 0.353 0.15  0.369 0.458]
[0.361 0.239 0.41  0.308 0.393 0.354]
[0.262 0.272 0.301 0.2   0.254 0.303]
[0.364 0.16  0.446 0.281 0.226 0.346]
[0.482 0.157 0.308 0.376 0.289 0.477]
[0.196 0.291 0.534 0.144 0.223 0.467]
[0.258 0.336 0.416 0.201 0.225 0.322]
[0.394 0.245 0.45  0.291 0.217 0.523]
[0.157 0.21  0.435 0.147 0.175 0.346]
[0.278 0.333 0.351 0.23  0.36  0.476]
[0.297 0.182 0.404 0.273 0.332 0.267]
[0.246 0.216 0.372 0.259 0.447 0.333]
[0.298 0.252 0.28  0.302 0.535 0.425]
[0.244 0.161 0.476 0.209 0.223 0.288]
[0.232 0.253 0.453 0.158 0.112 0.608]
[0.212 0.234 0.379 0.172 0.179 0.458]
[0.271 0.258 0.411 0.203 0.271 0.333]
[0.168 0.35  0.396 0.129 0.211 0.515]
[0.215 0.237 0.387 0.171 0.377 0.441]
[0.191 0.235 0.453 0.119 0.146 0.327]
[0.17  0.237 0.497 0.155 0.275 0.443]
[0.252 0.268 0.325 0.22  0.267 0.357]
[0.237 0.235 0.25  0.196 0.38  0.447]
[0.222 0.191 0.495 0.168 0.21  0.307]
[0.255 0.184 0.33  0.278 0.434 0.339]
[0.229 0.244 0.466 0.143 0.261 0.336]
[0.229 0.215 0.48  0.197 0.156 0.258]
[0.211 0.285 0.36  0.171 0.285 0.343]
[0.244 0.261 0.346 0.266 0.295 0.475]
[0.242 0.224 0.311 0.156 0.282 0.611]
[0.232 0.221 0.327 0.236 0.212 0.529]
[0.227 0.262 0.352 0.118 0.155 0.403]
[0.169 0.21  0.534 0.157 0.22  0.293]
[0.183 0.224 0.394 0.274 0.224 0.287]
[0.256 0.16  0.361 0.149 0.189 0.453]
[0.191 0.25  0.447 0.152 0.17  0.418]
[0.216 0.337 0.351 0.146 0.27  0.533]
[0.342 0.213 0.379 0.116 0.209 0.588]
[0.168 0.31  0.425 0.188 0.267 0.414]
[0.25  0.249 0.555 0.14  0.118 0.333]
[1.123 0.148 1.01  0.168 0.126 0.119]
[0.803 1.615 0.433 0.593 0.333 0.345]
[0.249 0.232 0.366 0.147 0.216 0.386]
[0.254 0.249 0.191 0.211 0.492 0.512]
[0.182 0.227 0.483 0.211 0.278 0.373]
[0.244 0.234 0.339 0.293 0.302 0.427]
[0.306 0.275 0.444 0.258 0.187 0.563]
[0.209 0.237 0.38  0.14  0.195 0.449]
[0.357 0.211 0.349 0.292 0.268 0.381]
[0.304 0.239 0.358 0.282 0.315 0.259]
[0.286 0.184 0.259 0.276 0.356 0.534]
[0.282 0.174 0.296 0.122 0.23  0.739]
[0.294 0.187 0.398 0.351 0.342 0.45 ]
[0.301 0.333 0.353 0.188 0.247 0.475]
[0.241 0.146 0.339 0.296 0.309 0.534]
[0.333 0.29  0.342 0.283 0.493 0.504]
[0.204 0.258 0.377 0.14  0.212 0.723]
[0.258 0.254 0.325 0.332 0.346 0.39 ]
[0.337 0.246 0.395 0.271 0.179 0.461]
[0.262 0.224 0.407 0.301 0.39  0.364]
[0.197 0.195 0.424 0.167 0.17  0.709]
[0.285 0.215 0.243 0.243 0.466 0.363]
[0.223 0.292 0.356 0.222 0.344 0.44 ]
[0.203 0.262 0.529 0.174 0.161 0.54 ]
[0.259 0.27  0.274 0.165 0.246 0.392]
[0.183 0.184 0.392 0.154 0.198 0.392]
[0.199 0.218 0.305 0.159 0.33  0.732]
[0.209 0.197 0.293 0.266 0.479 0.243]
[0.185 0.272 0.401 0.175 0.243 0.579]
[0.39  0.202 0.28  0.233 0.271 0.308]
[0.326 0.286 0.187 0.161 0.354 0.573]
[0.205 0.169 0.418 0.143 0.174 0.446]
[0.301 0.33  0.242 0.183 0.386 0.423]
[0.26  0.357 0.355 0.239 0.229 0.486]
[0.309 0.153 0.323 0.29  0.251 0.284]
[0.263 0.281 0.349 0.154 0.206 0.353]
[0.331 0.41  0.391 0.355 0.416 0.324]
[0.404 0.219 0.268 0.273 0.39  0.633]
[0.335 0.21  0.351 0.239 0.323 0.303]
[0.281 0.317 0.442 0.296 0.248 0.344]
[0.25  0.238 0.335 0.176 0.198 0.385]
[1.325 0.564 1.284 0.501 0.243 0.091]
[0.389 0.718 2.272 0.562 0.086 0.08 ]
[0.177 0.215 0.462 0.326 0.209 0.267]
[0.443 0.545 0.609 0.649 0.559 0.227]
[0.364 0.288 0.231 0.217 0.355 0.442]
[0.221 0.202 0.411 0.169 0.157 0.573]
[0.284 0.196 0.298 0.219 0.339 0.336]
[0.31  0.268 0.342 0.25  0.23  0.49 ]
[0.321 0.243 0.31  0.129 0.243 1.014]
[0.223 0.162 0.438 0.182 0.207 0.508]
[0.211 0.23  0.461 0.137 0.192 0.347]
[0.182 0.242 0.561 0.132 0.096 0.348]
[0.372 0.314 0.349 0.275 0.276 0.338]
[0.295 0.262 0.263 0.287 0.396 0.301]
[0.19  0.238 0.326 0.202 0.422 0.189]
[0.378 0.255 0.315 0.258 0.325 0.304]
[0.232 0.281 0.392 0.185 0.221 0.566]
[0.167 0.236 0.389 0.163 0.233 0.442]
[0.302 0.234 0.335 0.276 0.296 0.429]
[0.352 0.326 0.228 0.192 0.5   0.56 ]
[0.479 0.258 0.363 0.153 0.201 0.366]
[0.389 0.207 0.334 0.31  0.305 0.254]
[0.219 0.27  0.44  0.164 0.3   0.528]
[0.239 0.269 0.331 0.281 0.449 0.354]
[0.338 0.191 0.301 0.236 0.336 0.404]
[0.299 0.315 0.271 0.155 0.361 0.574]
[0.263 0.292 0.232 0.175 0.568 0.347]
[0.344 0.364 0.272 0.197 0.42  0.426]
[0.19  0.15  0.292 0.149 0.313 0.775]
[0.395 0.313 0.316 0.234 0.305 0.547]
[0.19  0.257 0.361 0.158 0.281 0.546]
[0.161 0.17  0.435 0.132 0.168 0.463]
[0.446 0.123 0.257 0.124 0.247 1.186]
[0.185 0.184 0.345 0.244 0.25  0.529]
[0.215 0.262 0.291 0.189 0.306 0.441]
[0.162 0.175 0.457 0.12  0.144 0.342]
[0.313 0.252 0.404 0.257 0.233 0.267]
[0.161 0.158 0.506 0.15  0.188 0.354]
[0.133 0.183 0.412 0.097 0.141 0.349]
[0.182 0.167 0.548 0.145 0.159 0.365]
[0.228 0.35  0.474 0.291 0.248 0.378]
[0.226 0.232 0.314 0.175 0.317 0.354]
[1.645 0.636 0.416 0.22  0.384 0.129]
[0.474 0.689 0.517 0.453 0.437 0.446]
[0.166 0.357 0.557 0.338 0.204 0.4  ]
[0.29  0.18  0.338 0.16  0.222 0.556]
[0.239 0.22  0.431 0.254 0.317 0.547]
[0.36  0.182 0.328 0.238 0.258 0.446]
[0.266 0.209 0.313 0.204 0.277 0.346]
[0.266 0.195 0.279 0.224 0.375 0.419]
[0.174 0.244 0.447 0.124 0.182 0.539]
[0.274 0.218 0.382 0.232 0.238 0.434]
[0.333 0.344 0.288 0.179 0.237 0.511]
[0.286 0.231 0.333 0.136 0.294 0.753]
[0.227 0.193 0.312 0.212 0.356 0.269]
[0.166 0.144 0.459 0.105 0.104 0.436]
[0.237 0.158 0.304 0.188 0.305 0.558]
[0.272 0.228 0.27  0.192 0.396 0.39 ]
[0.148 0.189 0.541 0.128 0.165 0.403]
[0.237 0.163 0.361 0.191 0.336 0.685]
[0.354 0.304 0.237 0.167 0.301 0.492]
[0.261 0.238 0.243 0.147 0.323 0.442]
[0.262 0.221 0.303 0.206 0.34  0.313]
[0.342 0.245 0.318 0.277 0.36  0.394]
[0.295 0.191 0.279 0.17  0.222 0.428]
[0.223 0.197 0.351 0.194 0.28  0.504]
[0.07  0.426 0.083 0.745 1.191 1.888]
[0.148 0.3   0.612 0.136 0.138 0.298]
[0.357 0.19  0.293 0.257 0.419 0.679]
[0.26  0.244 0.31  0.204 0.269 0.439]
[0.364 0.197 0.413 0.286 0.241 0.502]
[0.218 0.295 0.332 0.196 0.31  0.246]
[0.282 0.259 0.247 0.175 0.357 0.31 ]
[0.221 0.235 0.502 0.239 0.21  0.514]
[0.104 0.141 0.499 0.092 0.125 0.382]
[0.183 0.241 0.346 0.122 0.239 0.558]
[0.328 0.369 0.328 0.281 0.233 0.344]
[0.241 0.307 0.271 0.136 0.275 0.432]
[0.19  0.25  0.322 0.169 0.265 0.468]
[0.28  0.233 0.381 0.214 0.219 0.589]
[0.277 0.172 0.303 0.204 0.355 0.446]
[0.25  0.262 0.381 0.214 0.35  0.498]
[0.233 0.123 0.44  0.141 0.185 0.396]
[0.248 0.144 0.276 0.224 0.354 0.324]
[1.11  0.738 0.434 0.717 0.56  0.404]
[0.271 0.316 0.335 0.269 0.393 0.28 ]
[0.327 0.275 0.307 0.187 0.336 0.477]
[0.305 0.307 0.368 0.222 0.244 0.4  ]
[0.298 0.268 0.335 0.237 0.214 0.269]
[0.27  0.246 0.239 0.174 0.331 0.452]
[0.152 0.162 0.275 0.092 0.2   0.385]
[0.301 0.201 0.315 0.209 0.376 0.497]
[0.388 0.199 0.442 0.419 0.258 0.354]
[0.342 0.213 0.369 0.21  0.187 0.349]
[0.234 0.208 0.327 0.119 0.279 0.442]
[0.281 0.297 0.34  0.138 0.251 0.347]
[0.263 0.204 0.288 0.113 0.277 0.518]
[0.214 0.183 0.327 0.19  0.387 0.586]
[0.297 0.214 0.385 0.315 0.235 0.422]
[0.235 0.187 0.298 0.176 0.286 0.527]
[0.161 0.214 0.392 0.134 0.212 0.361]
[0.205 0.198 0.391 0.133 0.198 0.328]
