[1. 1. 1.]
[0.872 1.095 0.913]
[0.998 1.001 0.974]
[1.094 0.929 1.012]
[0.935 0.982 1.033]
[1.02  0.945 1.102]
[1.059 0.899 1.155]
[1.093 0.97  0.946]
[0.98  1.077 0.872]
[1.008 0.919 0.978]
[0.939 0.977 1.023]
[1.022 0.852 1.015]
[0.942 1.001 1.016]
[1.008 0.982 0.914]
[0.864 1.038 1.017]
[0.871 0.897 1.142]
[0.759 0.929 1.225]
[1.076 0.835 0.867]
[1.114 1.075 0.991]
[0.786 0.957 1.243]
[1.016 0.999 0.946]
[0.878 0.875 0.97 ]
[0.901 0.813 0.919]
[0.983 0.841 0.771]
[0.909 0.789 0.926]
[0.941 0.896 0.806]
[0.862 0.75  1.027]
[0.833 0.839 1.004]
[0.851 0.851 0.89 ]
[1.047 0.705 0.767]
[0.924 0.947 1.11 ]
[1.284 0.627 0.88 ]
[1.058 0.733 0.97 ]
[0.804 1.016 1.247]
[1.152 0.634 0.901]
[0.855 1.013 1.119]
[1.181 0.612 0.89 ]
[0.89  0.86  1.004]
[1.186 0.869 0.861]
[1.073 0.709 0.926]
[0.975 0.951 0.983]
[1.037 0.879 1.033]
[0.881 1.145 1.301]
[0.865 1.23  1.193]
[1.064 0.729 0.986]
[0.802 1.295 0.913]
[1.034 0.568 0.927]
[0.869 0.942 0.906]
[0.876 0.959 1.259]
[0.891 0.845 0.83 ]
[1.012 0.964 1.107]
[0.931 1.121 1.112]
[0.962 0.755 0.889]
[0.937 0.819 0.989]
[0.944 1.239 0.953]
[0.996 0.851 0.684]
[0.826 1.122 1.119]
[0.859 0.919 0.77 ]
[0.877 1.454 0.943]
[0.747 0.784 1.16 ]
[0.95  1.122 1.069]
[1.212 0.741 0.517]
[0.796 0.96  0.928]
[0.96  1.036 0.983]
[0.686 0.995 0.506]
[0.917 1.019 0.878]
[0.772 1.145 1.003]
[1.084 0.987 1.072]
[0.688 0.744 1.076]
[0.75  1.174 0.84 ]
[0.726 0.674 0.563]
[1.041 0.796 0.848]
[0.808 1.084 0.828]
[0.929 1.09  1.047]
[0.77  0.981 0.671]
[1.575 0.596 0.737]
[0.952 0.918 1.079]
[1.976 0.529 0.584]
[0.871 0.997 0.699]
[0.801 1.141 1.03 ]
[0.881 0.934 0.719]
[0.896 0.686 0.848]
[0.804 0.965 0.781]
[0.968 0.988 0.545]
[0.809 0.709 0.597]
[0.824 1.07  0.877]
[0.654 1.342 0.895]
[0.844 0.976 0.664]
[1.015 0.588 0.662]
[0.922 0.882 1.122]
[0.731 1.065 0.682]
[0.843 0.812 0.566]
[0.794 0.99  0.672]
[1.09  0.812 1.161]
[0.662 1.056 0.71 ]
[0.669 1.178 0.925]
[1.188 0.801 0.471]
[0.838 1.066 0.914]
[0.925 0.882 0.727]
[0.771 1.049 0.379]
[0.446 1.237 0.755]
[0.721 1.162 0.698]
[0.885 0.935 0.613]
[0.917 0.781 0.642]
[1.079 0.812 1.024]
[0.73  0.947 0.656]
[0.816 1.04  0.333]
[1.092 0.715 0.979]
[0.533 0.855 1.031]
[0.788 0.829 1.218]
[0.68  0.772 0.778]
[0.711 0.755 0.707]
[0.521 0.859 1.356]
[0.824 0.985 1.012]
[0.916 0.919 0.941]
[0.851 1.047 0.917]
[0.696 1.305 0.823]
[0.809 1.155 0.903]
[0.627 1.333 0.923]
[0.6   1.302 0.684]
[0.861 1.012 0.755]
[0.861 0.899 0.657]
[1.214 0.771 0.689]
[0.922 0.878 0.598]
[0.862 0.988 0.881]
[0.886 0.898 0.663]
[0.828 0.967 0.743]
[0.719 1.099 0.752]
[0.618 1.107 0.583]
[0.653 1.292 0.826]
[1.046 0.966 1.104]
[0.7   1.226 0.909]
[0.546 0.606 1.283]
[0.852 0.597 0.865]
[0.89  0.755 0.355]
[0.657 0.836 0.37 ]
[0.962 0.965 0.781]
[0.75  1.014 0.778]
[0.792 1.124 0.916]
[0.96  0.694 0.889]
[1.216 0.687 0.46 ]
[0.813 0.805 0.46 ]
[0.808 1.303 0.688]
[1.232 0.928 0.907]
[0.383 0.818 0.971]
[0.854 0.759 1.139]
[0.951 0.602 0.311]
[0.788 0.737 0.293]
[0.535 1.449 0.711]
[0.505 0.685 0.972]
[0.696 0.843 0.813]
[0.784 0.774 0.973]
[0.449 0.84  0.1  ]
[0.848 0.904 0.716]
[0.474 1.695 0.992]
[1.274 0.893 0.931]
[0.504 1.613 0.914]
[0.328 1.184 0.84 ]
[0.95  0.796 1.449]
[1.235 0.54  0.964]
[0.721 0.934 0.407]
[0.891 0.868 0.637]
[1.423 0.718 0.908]
[0.768 0.988 1.649]
[0.9   0.423 0.104]
[0.657 1.105 0.476]
[0.871 1.218 0.645]
[0.616 0.625 1.12 ]
[0.972 0.519 0.184]
[0.647 1.447 0.783]
[0.527 0.774 0.867]
[0.885 1.342 0.95 ]
[0.934 0.486 0.833]
[0.816 1.052 0.756]
[0.723 1.47  1.033]
[0.447 0.643 0.719]
[0.837 0.635 1.525]
[0.835 0.928 0.523]
[0.71  1.15  1.189]
[0.729 0.912 1.339]
[0.659 1.012 0.502]
[0.564 1.977 0.677]
[0.556 0.777 0.773]
[0.657 0.97  0.919]
[0.688 1.11  0.698]
[0.616 0.886 0.622]
[0.598 0.797 0.143]
[0.75  1.37  0.889]
[0.55  0.741 0.333]
[1.076 0.907 0.85 ]
[0.567 0.951 0.832]
[0.547 0.784 0.612]
[0.565 1.557 1.043]
[0.868 0.921 0.664]
[0.741 0.963 0.949]
[0.968 0.702 2.298]
[0.701 0.529 0.187]
[0.865 1.117 0.971]
[1.01  1.072 1.094]
[0.583 0.41  0.351]
[0.714 0.39  0.213]
[0.496 0.961 0.386]
[0.858 0.635 0.585]
[1.573 0.808 0.949]
[0.428 0.982 0.332]
[0.307 1.315 0.147]
[0.844 0.721 0.314]
[0.839 0.876 0.661]
[1.339 1.144 0.95 ]
[0.491 0.502 0.147]
[0.602 0.465 0.183]
[0.816 0.62  1.568]
[0.606 1.485 0.795]
[0.404 0.843 0.146]
[0.984 0.674 0.732]
[0.952 1.011 1.082]
[1.255 0.691 3.367]
[0.519 0.997 0.536]
[0.795 1.572 0.917]
[0.726 0.623 3.568]
[0.426 0.788 0.509]
[0.752 1.11  0.684]
[0.615 0.801 2.844]
[0.286 1.25  0.427]
[0.565 1.651 0.81 ]
[1.036 0.571 0.499]
[0.536 0.439 0.652]
[0.673 1.447 0.945]
[0.736 0.907 0.324]
[0.385 1.377 0.621]
[0.714 0.614 0.436]
[0.225 3.505 0.744]
[1.027 1.013 0.933]
[0.624 1.768 0.7  ]
[1.148 0.52  0.437]
[0.98  0.902 0.533]
[0.418 0.964 0.653]
[0.528 1.129 4.061]
[0.703 0.622 2.616]
[0.39  1.527 0.191]
[0.799 1.2   0.284]
[1.062 0.707 0.503]
[0.911 1.044 0.537]
[0.789 1.259 0.834]
[0.53  0.335 0.477]
[0.821 0.383 0.323]
[0.724 0.685 3.908]
[0.606 1.288 0.545]
[0.853 0.684 0.654]
[0.881 1.469 3.791]
[0.674 0.986 0.191]
[0.729 1.729 1.174]
[0.556 0.727 1.949]
[0.391 0.722 0.19 ]
[0.45  1.003 0.365]
[0.666 1.452 1.209]
[1.462 1.124 0.988]
[0.475 0.506 0.261]
[0.947 0.566 2.282]
[0.842 1.204 0.607]
[0.359 0.825 0.219]
[1.328 0.689 0.639]
[0.908 1.17  0.602]
[0.559 0.831 1.894]
[0.451 0.511 0.566]
[0.935 0.727 0.491]
[0.38  1.753 0.295]
[0.554 1.126 0.292]
[0.691 0.779 2.024]
[0.211 1.805 0.958]
[0.583 0.754 2.215]
[0.178 1.236 0.182]
[0.378 1.224 1.536]
[1.346 1.247 0.567]
[0.646 1.639 0.797]
[0.863 1.035 0.653]
[0.826 1.384 0.67 ]
[0.485 1.115 3.494]
[0.622 0.625 2.063]
[0.722 1.209 0.652]
[1.056 0.825 3.579]
[0.208 1.731 0.183]
[0.513 1.531 0.811]
[0.711 0.811 0.133]
[0.248 1.864 0.174]
[0.549 1.462 0.517]
[0.487 0.767 0.15 ]
[0.404 1.02  0.892]
[0.321 1.157 0.242]
[0.71  0.928 0.22 ]
[0.782 0.928 0.42 ]
[0.974 1.102 0.52 ]
[0.468 1.839 0.764]
[0.816 1.267 3.619]
[1.359 0.924 0.621]
[0.805 1.072 0.213]
[0.481 0.554 0.8  ]
[0.259 1.446 0.202]
[0.318 0.863 0.947]
[0.834 1.147 0.397]
[0.419 0.978 0.151]
[0.309 0.783 0.257]
[0.502 1.348 0.283]
[0.272 1.312 0.582]
[0.757 1.443 0.922]
[0.674 1.072 0.205]
[1.595 0.746 2.349]
[0.57  0.937 3.849]
[0.79  1.195 4.633]
[0.431 1.09  4.251]
[0.919 0.907 0.363]
[1.012 0.779 2.754]
[0.55  1.197 4.23 ]
[0.341 1.41  0.392]
[0.175 1.906 0.498]
[0.649 1.154 0.27 ]
[0.425 1.192 0.405]
[0.636 1.116 0.577]
[0.772 1.27  0.727]
[0.197 1.183 0.184]
[1.143 0.965 3.042]
[0.672 1.4   3.975]
[0.738 0.983 0.728]
[0.467 0.63  1.278]
[0.266 0.975 0.162]
[0.55  0.868 0.476]
[0.289 0.958 0.465]
[0.69 1.08 0.21]
[0.335 0.457 0.163]
[2.923 1.175 0.141]
[0.765 1.074 0.238]
[0.52  1.094 0.361]
[0.215 1.244 0.381]
[0.534 0.764 3.971]
[0.741 0.882 0.512]
[0.423 0.692 0.334]
[0.829 0.972 0.848]
[0.528 0.737 0.371]
[0.701 0.595 0.187]
[0.902 0.55  0.197]
[1.316 0.565 3.121]
[0.8   0.91  0.691]
[0.93  1.947 0.701]
[0.535 0.643 0.149]
[0.294 0.529 0.142]
[0.442 0.415 0.226]
[1.011 0.87  0.483]
[0.515 0.593 0.937]
[0.549 0.585 0.17 ]
[0.699 1.313 0.438]
[0.867 1.392 3.535]
[0.285 0.969 0.404]
[0.52  0.875 0.157]
[0.133 2.994 0.108]
[1.002 1.449 0.832]
[1.139 0.633 0.633]
[0.867 0.548 0.675]
[0.695 9.592 0.847]
[1.176 1.209 0.862]
[0.846 1.41  0.356]
[1.381 0.881 2.309]
[0.797 1.259 2.602]
[0.651 1.97  0.562]
[0.836 0.818 0.066]
[0.251 0.647 0.148]
[0.621 0.685 0.229]
[0.776 1.136 0.441]
[0.267 0.334 0.139]
[0.392 1.095 0.137]
[0.337 0.63  0.493]
[0.297 0.807 0.54 ]
[0.469 0.712 1.852]
[0.359 0.872 0.537]
[1.159 2.034 0.684]
[0.799 0.597 3.542]
[0.856 0.626 3.02 ]
[0.456 1.73  0.483]
[0.465 0.722 0.151]
[1.63  0.738 3.097]
[0.421 2.397 0.494]
[0.627 0.875 0.39 ]
[0.474 0.937 0.179]
[0.981 0.901 1.966]
[0.898 0.861 0.443]
[0.59  1.563 0.53 ]
[0.814 0.639 2.221]
[0.586 1.373 0.242]
[0.463 1.142 0.147]
[0.421 0.869 0.214]
[0.594 1.04  0.538]
[0.674 1.085 0.35 ]
[0.498 0.992 0.234]
[0.83  0.975 0.264]
[0.473 0.766 0.161]
[0.362 0.349 0.163]
[0.906 0.791 3.052]
[0.507 0.861 0.242]
[0.583 0.539 0.462]
[1.351 1.076 0.966]
[0.96  1.229 1.247]
[0.763 1.457 0.526]
[0.46  0.851 0.191]
[0.353 0.56  0.577]
[1.027 1.359 0.331]
[0.563 1.192 1.11 ]
[0.606 1.887 0.319]
[0.629 0.652 0.458]
[0.539 1.068 0.291]
[0.606 0.931 0.199]
[0.39  0.592 0.146]
[0.62  0.5   0.269]
[0.266 0.547 0.291]
[0.539 1.075 0.315]
[0.725 1.361 0.435]
[1.209 1.014 0.827]
[0.704 0.697 0.288]
[0.641 0.815 2.405]
[0.425 0.729 0.288]
[0.545 1.267 0.389]
[0.502 1.007 0.284]
[0.536 1.089 0.454]
[0.989 1.473 0.446]
[0.379 0.91  0.144]
[0.446 0.92  0.279]
[1.535 0.998 1.983]
[0.655 1.683 3.116]
[0.525 0.592 0.322]
[0.63  1.304 0.525]
[0.405 0.667 0.188]
[1.203 0.85  0.604]
[0.675 1.532 1.802]
[0.686 0.881 0.198]
[0.549 0.782 0.394]
[1.104 1.01  0.595]
[0.777 1.654 0.419]
[0.528 1.282 0.249]
[0.406 0.727 0.127]
[0.325 0.504 0.099]
[0.463 0.624 4.198]
[1.201 1.034 0.61 ]
[0.521 1.194 0.438]
[0.587 0.865 0.252]
[0.478 0.34  0.217]
[0.92  1.067 1.046]
[0.567 0.923 0.18 ]
[0.313 0.641 0.459]
[1.058 2.313 0.731]
[0.393 0.934 0.104]
[1.145 2.285 0.691]
[0.498 0.889 0.852]
[0.417 0.524 0.128]
[0.352 0.309 0.691]
[0.319 0.444 0.153]
[0.472 0.446 0.217]
[0.475 0.805 0.098]
[0.864 0.676 0.427]
[0.245 0.413 0.551]
[0.708 0.913 0.459]
[0.687 0.737 0.206]
[0.674 0.722 0.268]
[0.669 0.728 0.255]
[0.661 0.683 1.775]
[0.406 0.24  0.116]
[0.546 0.622 0.254]
[1.081 1.048 0.565]
[0.592 0.633 0.398]
[0.21  0.759 0.107]
[0.891 0.815 1.354]
[0.805 1.115 1.669]
[0.417 0.749 0.202]
[0.496 1.255 0.486]
[0.578 0.659 0.205]
[0.581 0.655 0.198]
[0.697 0.67  0.311]
[0.688 0.821 0.292]
[0.708 0.712 2.051]
[0.741 1.014 0.443]
[0.863 0.785 1.374]
[0.717 0.765 0.337]
[0.569 1.741 3.07 ]
[0.697 0.595 2.582]
[0.755 1.269 0.414]
[1.165 0.928 0.286]
[0.688 0.655 0.215]
[0.299 0.577 0.081]
[0.429 2.257 1.646]
[0.817 0.608 0.282]
[0.527 0.853 2.945]
[0.638 0.542 0.228]
[0.456 0.271 0.128]
[0.573 1.579 2.342]
[0.965 0.785 0.325]
[0.284 0.508 0.104]
[0.587 0.98  0.4  ]
[0.507 0.64  0.264]
[0.573 1.066 0.317]
[0.768 0.605 0.257]
[1.072 0.978 1.892]
[0.576 1.243 0.468]
[0.43  1.522 2.915]
[0.411 0.733 2.299]
[0.532 0.963 3.76 ]
[0.541 0.822 2.799]
[0.396 0.729 0.067]
[0.673 1.086 4.269]
[0.595 0.539 0.259]
[0.484 0.57  0.144]
[0.365 0.724 0.228]
[0.486 0.759 0.176]
[0.474 1.541 2.463]
[0.451 0.528 0.114]
[0.297 0.571 0.115]
[0.407 2.305 2.437]
[0.835 0.855 0.355]
[0.451 0.965 2.204]
[0.51  0.822 0.113]
[0.702 0.813 0.24 ]
[0.817 1.212 0.378]
[0.437 2.091 2.784]
[0.655 0.568 0.292]
[0.409 1.493 0.32 ]
[0.314 0.405 0.231]
[0.369 1.521 1.467]
[0.423 0.289 0.052]
[0.605 0.904 0.509]
[0.675 1.33  2.818]
[0.478 1.559 1.652]
[0.649 1.125 2.394]
[0.514 2.142 1.541]
[0.68  1.245 0.532]
[0.689 0.396 0.238]
[0.337 0.235 0.192]
[0.528 0.198 0.107]
[0.411 0.793 0.219]
[0.634 1.049 2.974]
[0.582 0.444 0.287]
[0.777 1.041 2.686]
[0.6   0.633 0.331]
[0.549 1.025 0.633]
[1.786 0.983 0.756]
[0.375 1.34  0.296]
[0.457 0.726 0.221]
[0.479 1.477 0.146]
[0.557 1.087 0.333]
[0.545 0.695 0.235]
[0.62  0.976 0.339]
[0.82  1.277 1.424]
[0.393 0.8   0.209]
[0.607 0.7   0.327]
[0.705 1.088 1.775]
[0.678 0.617 0.154]
[0.39  0.768 0.218]
[0.454 1.007 0.118]
[0.545 1.253 1.181]
[0.244 0.372 0.123]
[0.366 1.003 0.186]
[0.466 0.712 0.309]
[0.317 0.952 0.135]
[0.544 1.033 0.664]
[0.486 1.441 2.093]
[0.398 0.712 0.191]
[0.535 1.473 1.029]
[0.499 0.358 0.13 ]
[0.509 0.863 0.278]
[0.237 0.538 0.797]
[0.986 1.118 0.425]
[1.362 2.254 0.761]
[0.661 1.327 1.33 ]
[0.434 0.727 0.141]
[1.583 0.97  0.604]
[0.499 1.099 0.44 ]
[0.98  0.662 3.062]
[0.526 0.53  0.272]
[0.453 0.748 0.306]
[0.181 0.779 0.82 ]
[0.482 0.887 0.229]
[0.527 2.391 2.03 ]
[0.524 0.683 1.816]
[0.738 0.821 1.465]
[0.14  0.628 0.19 ]
[0.336 0.852 0.488]
[0.319 0.751 0.137]
[0.545 0.746 1.519]
[0.566 1.519 2.368]
[0.577 0.925 2.723]
[0.605 1.03  0.888]
[0.414 0.378 0.164]
[0.395 0.811 0.227]
[0.457 1.98  2.065]
[0.472 1.373 1.29 ]
[0.618 0.716 0.5  ]
[0.595 1.411 2.077]
[0.721 0.687 0.437]
[0.255 0.379 0.123]
[0.564 0.284 0.157]
[0.436 0.993 1.657]
[0.451 0.554 0.282]
[0.219 0.476 0.119]
[0.426 0.565 0.209]
[0.427 1.019 0.215]
[0.581 0.979 2.664]
[1.003 0.912 0.24 ]
[0.549 0.643 0.368]
[0.414 0.307 0.192]
[0.481 0.647 0.298]
[0.482 1.802 1.183]
[0.652 0.757 0.194]
[0.264 0.28  0.188]
[0.673 0.671 0.317]
[0.71  1.563 0.401]
[0.279 0.455 0.2  ]
[0.647 2.14  2.164]
[0.532 0.742 2.301]
[0.522 0.848 0.364]
[0.495 0.308 0.117]
[0.514 1.563 0.389]
[0.565 1.464 0.797]
[0.323 0.289 0.115]
[0.122 0.522 0.246]
[0.705 0.908 2.049]
[0.465 1.442 1.527]
[0.965 0.973 0.698]
[1.1   0.502 0.428]
[0.193 0.184 0.438]
[1.035 0.781 2.859]
[1.447 1.11  0.357]
[0.246 0.385 0.252]
[0.632 0.933 0.188]
[0.65  1.364 2.315]
[0.551 0.836 0.251]
[0.663 0.985 1.798]
[0.522 0.911 0.207]
[0.305 0.247 0.266]
[0.43  0.595 0.175]
[0.404 0.297 0.165]
[0.472 1.41  1.323]
[0.577 1.468 2.367]
[0.736 1.458 0.767]
[0.302 0.457 0.17 ]
[0.583 1.511 2.027]
[0.404 2.157 1.051]
[0.471 0.897 0.22 ]
[0.846 0.747 1.926]
[0.391 0.702 0.284]
[0.455 0.76  0.221]
[0.461 0.292 0.153]
[0.838 1.217 1.757]
[0.303 0.333 0.246]
[0.574 3.053 1.898]
[0.492 1.405 0.489]
[0.966 0.665 1.252]
[0.436 0.727 0.161]
[0.605 1.374 1.525]
[0.284 0.393 0.424]
[0.125 1.042 0.267]
[0.563 0.62  0.191]
[0.448 1.289 0.381]
[0.269 0.683 0.719]
[0.703 1.516 1.812]
[0.545 0.672 0.447]
[0.762 1.453 0.76 ]
[0.385 0.636 0.215]
[0.673 0.948 1.295]
[0.767 1.37  1.29 ]
[0.693 2.289 0.47 ]
[0.166 1.409 0.597]
[0.779 0.752 0.332]
[0.499 0.741 0.316]
[0.385 0.583 0.177]
[0.36  0.298 0.264]
[1.005 1.334 2.553]
[0.342 0.709 0.164]
[0.323 0.349 0.28 ]
[0.341 0.31  0.305]
[1.17  1.683 0.768]
[0.569 0.66  0.264]
[0.271 0.417 0.381]
[0.818 1.949 1.014]
[0.28  0.371 0.148]
[0.55  0.652 0.302]
[0.505 1.217 1.806]
[1.444 1.916 1.169]
[0.563 0.919 0.291]
[0.654 1.226 1.636]
[0.571 0.674 0.249]
[0.429 0.726 0.17 ]
[0.234 0.527 0.528]
[0.837 1.666 1.169]
[0.345 0.367 0.148]
[0.63  1.333 1.683]
[0.18  0.487 0.147]
[0.469 2.578 1.593]
[0.802 2.505 1.328]
[0.245 0.198 0.184]
[0.698 1.566 1.797]
[0.775 0.613 0.271]
[0.278 1.273 0.87 ]
[0.583 0.556 0.199]
[0.212 0.429 0.238]
[0.166 0.456 0.311]
[0.163 0.233 0.255]
[0.151 0.944 0.365]
[0.727 0.8   0.275]
[0.442 0.971 0.258]
[0.597 0.546 0.22 ]
[0.341 0.261 0.265]
[0.763 0.564 0.226]
[0.216 0.391 0.206]
[0.85  1.234 0.743]
[0.442 0.646 0.23 ]
[0.289 0.339 0.583]
[1.349 1.998 0.88 ]
[1.    0.581 0.205]
[0.357 0.642 1.023]
[0.602 1.193 0.312]
[0.131 0.425 0.299]
[0.544 0.985 0.333]
[0.253 0.298 0.179]
[0.433 0.544 0.195]
[0.672 0.484 0.203]
[0.315 1.344 1.382]
[0.554 0.877 0.326]
[0.463 1.763 1.641]
[0.237 0.226 0.099]
[1.52  0.817 0.698]
[0.49  0.629 0.194]
[0.499 2.412 1.084]
[0.421 0.411 0.261]
[0.562 1.267 0.832]
[0.425 0.608 0.19 ]
[0.606 1.708 1.319]
[0.199 0.584 0.256]
[0.443 1.549 1.501]
[0.427 0.517 0.251]
[0.575 1.467 1.83 ]
[0.573 0.564 0.187]
[0.422 2.728 1.436]
[0.219 0.317 0.23 ]
[0.543 0.555 0.119]
[0.61  3.445 1.504]
[0.697 1.098 0.291]
[0.582 0.737 0.19 ]
[0.569 1.245 1.352]
[0.55  1.359 1.758]
[0.644 0.553 0.24 ]
[0.447 1.157 1.474]
[0.535 0.381 0.151]
[0.565 1.209 1.608]
[0.542 0.543 0.182]
[0.446 0.624 0.203]
[0.607 0.543 0.165]
[0.514 2.05  1.51 ]
[0.644 1.446 1.378]
[0.847 0.626 0.186]
[1.261 1.189 0.837]
[0.723 0.533 0.193]
[0.844 1.072 0.586]
[0.285 0.812 0.779]
[0.441 0.184 0.104]
[0.609 0.547 0.282]
[0.704 0.546 0.279]
[0.377 0.398 0.169]
[0.401 0.734 1.219]
[0.618 0.472 0.173]
[0.386 0.325 0.1  ]
[0.417 1.625 0.419]
[0.559 0.517 0.169]
[0.411 0.323 0.105]
[0.209 0.17  0.081]
[0.339 0.597 0.764]
[0.276 0.371 0.096]
[0.178 0.705 0.307]
[0.324 0.325 0.12 ]
[0.28  0.442 0.237]
[0.419 0.441 0.134]
[0.558 0.604 0.249]
[0.307 0.352 0.572]
[0.902 1.286 0.827]
[0.254 0.385 0.228]
[0.284 0.271 0.1  ]
[0.246 0.246 0.182]
[0.634 0.626 0.232]
[0.418 0.649 0.206]
[0.438 0.527 0.141]
[0.19  0.303 0.109]
[0.235 0.425 0.403]
[0.459 0.548 0.194]
[0.246 0.306 0.469]
[0.563 1.054 0.63 ]
[0.933 0.913 0.334]
[0.208 0.439 0.181]
[0.186 0.277 0.066]
[0.456 0.475 0.145]
[0.741 0.613 0.275]
[0.378 0.294 0.097]
[0.686 0.58  0.212]
[0.641 1.562 0.584]
[0.486 0.52  0.177]
[0.325 0.33  0.159]
[0.616 0.609 0.185]
[0.519 0.385 0.172]
[0.588 0.591 0.263]
[0.364 0.25  0.164]
[0.404 1.499 2.009]
[0.388 0.692 0.149]
[0.315 0.818 0.665]
[0.524 0.547 0.172]
[0.536 0.628 0.269]
[0.229 0.168 0.108]
[0.214 0.214 0.113]
[0.348 0.261 0.145]
[0.492 0.594 0.265]
[0.404 0.486 0.15 ]
[0.609 0.539 0.185]
[0.402 1.096 0.263]
[0.472 1.772 1.272]
[0.676 0.711 0.21 ]
[0.341 1.994 1.55 ]
[0.661 0.64  0.217]
[1.022 1.171 0.388]
[0.503 0.626 0.265]
[0.604 1.032 0.189]
[0.406 0.163 0.13 ]
[0.223 0.939 0.417]
[0.728 1.443 0.86 ]
[0.457 0.645 0.234]
[0.22  0.314 0.128]
[0.125 0.349 0.451]
[0.422 0.516 0.197]
[0.424 0.701 0.217]
[0.3   0.522 0.161]
[0.362 0.415 0.112]
[0.313 1.823 1.262]
[0.297 1.826 1.116]
[0.439 1.731 0.675]
[0.437 0.903 0.241]
[0.421 0.473 0.109]
[0.391 1.986 1.18 ]
[0.312 0.524 0.164]
[0.67  1.512 0.518]
[0.433 0.64  0.218]
[0.346 0.156 0.096]
[0.211 0.596 0.236]
[0.383 2.254 1.345]
[0.749 0.536 0.202]
[0.308 2.188 1.409]
[0.797 1.79  1.028]
[0.168 0.57  0.442]
[0.309 0.345 0.051]
[0.38  0.616 0.232]
[0.335 0.539 0.126]
[0.241 0.544 0.112]
[0.696 0.51  0.162]
[0.208 0.13  0.08 ]
[0.375 2.629 1.771]
[0.4   0.688 0.222]
[0.558 0.339 0.109]
[0.33  2.333 1.507]
[0.586 1.823 1.011]
[0.411 0.53  0.202]
[0.502 0.466 0.142]
[0.266 0.604 0.344]
[0.282 1.58  0.722]
[0.585 2.285 1.216]
[0.403 0.596 0.192]
[0.222 0.294 0.148]
[0.269 0.164 0.089]
[0.439 0.446 0.168]
[0.486 0.473 0.167]
[0.292 0.343 0.137]
[0.312 4.203 1.396]
[0.477 2.075 0.474]
[0.827 0.783 0.244]
[0.547 2.3   0.888]
[0.458 0.565 0.169]
[0.243 0.29  0.126]
[0.346 2.392 1.466]
[0.361 0.466 0.202]
[0.611 0.94  0.231]
[0.275 0.314 0.112]
[0.662 1.032 0.313]
[0.52  0.526 0.136]
[0.213 0.392 0.171]
[0.104 1.205 0.316]
[0.369 1.941 1.398]
[0.509 0.476 0.13 ]
[0.177 0.586 0.475]
[0.398 2.263 0.834]
[0.198 0.761 0.447]
[0.432 0.447 0.107]
[0.556 0.452 0.137]
[0.179 0.742 0.492]
[0.501 1.319 0.29 ]
[0.341 1.809 0.927]
[0.253 2.138 1.174]
[0.278 2.261 1.327]
[0.365 0.48  0.165]
[0.43 0.52 0.14]
[0.256 0.251 0.135]
[0.319 0.582 0.194]
[0.236 0.236 0.119]
[0.383 0.531 0.137]
[0.446 1.327 0.339]
[0.317 0.553 0.18 ]
[0.433 0.237 0.112]
[0.333 0.551 0.174]
[0.203 0.216 0.174]
[0.249 2.127 0.919]
[0.338 0.503 0.177]
[0.31  1.562 0.885]
[0.25  0.48  0.095]
[0.347 2.005 0.513]
[0.442 0.542 0.129]
[0.296 0.226 0.115]
[0.368 1.436 0.475]
[0.348 0.431 0.188]
[0.221 0.31  0.143]
[0.377 1.335 0.377]
[0.324 0.466 0.139]
[0.301 0.486 0.156]
[0.227 0.3   0.131]
[0.228 1.976 1.285]
[0.291 0.417 0.151]
[0.325 0.211 0.08 ]
[0.218 0.284 0.126]
[0.307 0.4   0.128]
[2.895 2.335 0.461]
[0.177 1.256 0.674]
[0.303 0.465 0.123]
[0.23  0.299 0.115]
[0.337 1.058 1.118]
[0.257 0.347 0.109]
[0.394 0.554 0.111]
[0.209 0.155 0.13 ]
[0.42  0.601 0.108]
[0.176 0.229 0.108]
[1.136 1.221 0.206]
[0.338 0.565 0.105]
[0.426 0.496 0.124]
[0.216 2.156 1.201]
[0.359 0.479 0.139]
[0.22 0.23 0.12]
[0.212 0.102 0.081]
[0.401 1.236 0.321]
[0.196 0.528 0.445]
[0.27  0.425 0.155]
[0.302 0.136 0.092]
[0.236 0.378 0.102]
[0.472 0.439 0.14 ]
[0.211 0.235 0.062]
[0.198 0.168 0.095]
[0.365 0.632 0.178]
[1.734 1.027 0.313]
[0.301 0.807 0.241]
[0.165 0.705 0.342]
[0.261 0.198 0.108]
[0.413 0.558 0.105]
[0.335 2.17  1.049]
[0.44  0.642 0.151]
[0.385 0.664 0.15 ]
[0.249 0.233 0.123]
[0.24  2.254 0.933]
[0.221 0.727 0.084]
[0.303 3.116 0.897]
[0.462 3.036 0.506]
[0.262 1.973 0.675]
[0.322 0.531 0.159]
[0.252 0.388 0.109]
[0.237 2.622 1.11 ]
[0.287 0.517 0.164]
[0.239 2.896 1.198]
[0.365 0.638 0.134]
[0.375 0.195 0.106]
[0.291 0.301 0.083]
[0.24  0.127 0.086]
[0.345 1.816 0.517]
[0.24  2.049 0.814]
